1
2
3
4
5
6
7
8
9
10
11
12
13
14
15
16
17
18
19
20
80
81
82
83
84
85
86
87
88
89
90
91
92
93
94
95
96
97
98
99
100
101
102
103
104
105
106
107
108
109
110
111
112
113
114
115
116
117
118
119
120
950
951
952
953
954
955
956
957
958
959
960
961
962
963
964
965
966
967
968
969
970
971
972
973
974
975
976
977
978
979
980
981
982
983
984
985
986
987
988
989
990
991
992
993
994
995
996
997
998
999
929
386
190
205
645
629
336
247
853
964
425
976
673
520
836
257
62
433
110
468
468
355
763
50
730
934
205
970
635
185
312
957
351
925
947
869
454
974
299
45
580
29
125
130
828
777
334
314
941
179
915
713
898
324
205
71
57
942
665
864
131
78
863
409
369
114
32
422
2
977
718
227
635
972
354
632
634
396
89
268
589
871
272
157
951
31
27
53
555
964
841
178
226
776
893
736
952
267
733
843
0
