919370
3716965
1383789
4641938
286613
5597742
8972002
9334605
3832864
4580073
4900512
9699078
2208046
6069485
9730232
9810966
9157978
2668247
2478881
6629670
6729723
739014
3065064
6135798
2796322
6458544
3974021
7189707
6068544
2920031
7171955
3769317
4554124
840181
933750
1698467
8106646
8118372
8287067
5186321
7637471
4550504
6309011
6542187
9524292
9051825
7133574
4077783
9095990
4250857
7297337
4260674
9300346
5981022
3261465
9694313
1235705
2356439
5716839
5664756
6586052
7030535
3760447
8079036
8852521
5364895
2496454
7555373
1174122
4266238
7726831
8445511
5106592
5022852
7311339
9638719
7166636
9664900
8124843
608578
849365
2994392
9489555
3306329
9287683
591886
9681340
8661607
9581719
6646463
9598288
8821477
877568
7483001
4597812
3331919
8442738
3517494
1960409
971903
2287733
7968639
2911015
9245120
9859961
665151
6253644
4966010
4659316
7647863
5471872
7704648
96752
3045734
8980962
7429048
5829820
1764052
3854593
6665502
2288834
1680252
7183736
9846805
6065529
5777940
3163441
3768723
1198193
7860602
4697290
6061224
2885387
4657788
8782100
2557907
7972683
2298308
2745016
2678017
5200838
2836447
8055028
9808547
7684149
724328
9335043
3346155
9042860
9537621
8948891
4305826
4370276
7407453
8074640
6282921
6316340
4427525
8869526
6602762
4627743
3478982
1919523
1006266
8172294
5351389
4808435
8736877
1653630
4394287
3413669
7287702
8498364
5129430
2563331
848378
7139373
589260
3712863
1917552
1905571
464691
1120920
6883383
1233961
5539134
4232252
9465459
8455287
4133056
5794375
750022
7805569
9657935
3193738
2246023
6414122
2599444
4389799
820642
1581078
8881970
4149945
3404940
590492
8465745
6532240
8102881
5431003
5449542
4662298
7549083
4617188
8908641
5054045
6376177
9308308
8853586
3816480
360138
4034949
121656
4091818
3232348
837147
5992264
3933346
2940646
4315065
7136790
1022229
7930118
5006230
4706691
2357142
7262519
144170
9963844
30336
3442539
5643202
8388234
1713367
6609857
4776243
392147
8325581
587107
7990059
4299725
610016
7140991
8972963
5879394
4447392
2562144
3786224
6644068
4317199
5174312
5687673
156631
9544993
1936428
3251203
7591637
9344482
5280748
7268904
4114722
3804215
1145134
5186279
508109
1290684
4161077
2026324
8964863
9400141
2815011
8323440
6109539
201120
6984040
7330963
177714
8543631
8394982
7767942
8786265
8369652
3387299
7993645
5760330
6864814
57642
4906721
8809436
6349632
6038526
3343068
2041056
7983255
1693500
8273229
2315713
1141868
1366732
7116684
1945303
2036544
9685187
1602792
9693512
6863108
8072921
5689115
5644443
1858011
1388162
9564383
6457307
9721847
393515
7654041
4874340
8350112
9904146
8536756
6247885
579795
4621634
8372105
9302641
9922567
7421226
6077050
4609564
8121867
4680793
4544670
5255503
2170251
619609
4483862
4897329
7192497
656421
6759934
3079058
19047
2039751
988032
5954460
2501691
9594515
5616002
6892440
1316956
8132730
8304895
2034906
7464129
7599499
6711667
1218891
9958633
4009740
3604976
5653905
3271229
1998542
1031773
6307473
2688631
8855040
4943440
4313033
899744
950529
4861578
7364248
4504651
1506028
6703697
8839652
4615471
9303339
2850523
6635974
3804020
9238472
7621177
212141
7928238
5420767
9253984
1335842
6545910
4384308
5405652
5086757
636071
3251297
991731
7427511
2331314
8151848
2348379
3936497
3918495
9745895
6556665
4154322
6940193
906665
1151791
4019606
301140
4889048
6261281
2398273
446741
512529
2709405
3328699
678398
1110672
2337316
3013013
3751164
4119882
5830681
7569769
2087951
8116506
1946629
2265952
7359134
1209363
8139397
3505742
4377461
4458868
5225809
3538295
9475932
5161273
7684073
761845
3584725
788174
2899677
5767729
2890737
8175326
4223034
5820559
3394639
1678538
6926476
9222566
6836530
2424758
8469525
1630252
3831742
3142589
9651720
1204209
5828303
2230852
236162
3129090
8853878
1899244
771206
4527726
6000401
7099425
48051
1151141
5716742
9021648
5928197
1859579
225052
8540853
6605252
745036
5025398
1634898
6907404
4426042
8980140
5908091
8027002
1137810
7845255
1950862
4736496
9539917
293593
8555969
5328006
7080626
3445367
2958612
1602189
9819929
1186517
3122917
7220929
278730
6883132
5480354
7391114
805379
6041130
3473817
9706479
4711832
1870022
2446699
9589912
9858741
9561470
6754463
5596798
2263103
6050111
8762962
9554737
3814617
8734544
1897996
7530693
4706307
364364
7852719
3333338
2146652
8883002
4471433
9848391
7333128
9601610
5216776
9950435
9327916
4801070
1308941
518511
8563478
9579539
3761625
6834723
568826
3919931
2856612
5655252
7596887
2588601
4153804
6983614
2104057
8477640
9897002
7760756
6863255
2358983
7057537
4256097
5406364
8130005
9625104
4676346
1052035
9605381
4447559
154370
5535195
8007358
4695446
7333625
7943530
9723954
9778784
4596002
4176366
5288441
8276110
7461168
3624959
8007881
1477568
273420
4202256
6921684
1207455
20165
6601364
3800254
8837454
6358421
6838333
5638842
3840511
5488524
2688479
5505088
5001890
1816668
3257075
1530349
4141239
7946560
2657848
4929527
6500677
2497289
2381556
7414858
7773795
2806598
7751769
9027908
5453811
9813647
5964418
7513866
836335
6013038
3057948
9399557
4787291
5568875
6562082
797821
2078298
4487987
8043712
840016
7800925
1059300
6953817
155470
5835126
7699703
3472676
1033524
4000715
9633611
9356401
4325700
4249893
8239050
8810762
5183997
1426600
884282
3478196
2659836
6564765
6541858
2111061
9592431
4744427
2712278
5511471
2174897
9391269
2831650
4890442
5038344
9044668
3851535
8814448
3288183
7750485
4022101
7574994
2776255
9833654
2596317
2885576
8195961
188505
987504
4672438
3634889
9365539
905218
1262986
1884480
1170325
5082337
3683408
9518531
977228
8348617
1926115
1477901
1717537
6635836
2782724
179665
3976093
2976762
5125081
5909771
1469670
6641388
2167242
4887602
9743582
4361214
9560835
2007021
3273729
5681915
6023464
121818
3010151
9443048
9522982
7312891
9362022
7075453
5507749
6742334
9739732
7494977
5516442
6219944
9414122
7985345
3741560
3425693
2638788
8060140
4026118
7318094
153348
9619086
4187596
8492351
4017303
4566631
1216423
5178100
5712399
4100839
1770620
6821304
3704112
9568521
5394313
5074569
1985414
3744073
2296023
4397987
8127155
7349187
9922124
581287
1824199
2224746
1437533
3664104
5661000
8051809
9389536
8077267
1208785
7633785
807551
9421432
4566742
85960
8591929
7795461
7217506
618210
5919885
9317064
1300151
4064219
3968370
7582439
2861449
4391580
1879661
7830603
2974856
5496446
7864255
6658909
9219339
2226293
6167590
9370765
697837
8693610
1105356
2528751
7443842
9034279
7863248
5365759
8442805
7682796
6957680
1267077
1148991
2402078
2211536
7884564
948230
9804447
5317609
9540268
8083472
1110073
7942033
6062847
9875362
5761203
8478882
2893777
1246329
9990790
4027082
1275768
9336356
2557738
2242543
5091203
656764
639881
2175933
144503
5118914
5187093
8742861
5745204
8788563
8286581
9307635
3252855
3943818
5588570
1633956
179321
6019506
8082544
7497474
6085300
893862
2082545
6621062
3425477
2621064
4765651
3333577
7701613
8833050
5942818
8899311
9429425
6249020
3589352
7749424
4748322
6264066
5763272
1788548
3050295
9668721
3199658
918123
2527190
2135383
1118992
1745750
4403953
7430468
4391687
1146293
4885581
7506984
4581818
4551198
4213598
4228874
5163681
4925207
7165519
8867171
6276822
6162304
9408157
7652373
5640712
2028320
1412835
1294859
7205384
3723082
2177328
8888174
6751617
209067
6257300
7757824
2002885
7738547
7268410
7544217
3783874
5353118
7191215
9902780
4950931
3705758
3780033
4253398
3509811
6310567
3227266
760850
7280076
1910358
4923628
8410203
9284269
1953663
690078
4259311
8717659
5817938
1627205
9367837
1019710
8985384
7487382
5299355
4080508
162288
2501111
4066566
9058531
6880433
4070717
9846390
2920960
3670971
1578896
4006717
7424333
5124590
5591915
4240701
9650310
4355494
4425920
2400355
8919452
5049154
7807160
9907908
7892163
1707472
9930520
850642
9398182
2564438
8314303
236986
8967866
5246911
2558668
1858654
3049648
5221089
5223644
9813610
4962308
178727
9305841
2406933
4113587
2760672
5657070
193654
7382025
3430562
3587262
9980800
0
