0
-6969
9
8
4
0
6
-1778
9
6
3
5
6
-2879
7
7
6
5
7
-2472
1
8
6
0
7
-2396
6
0
8
4
2
-7503
5
8
1
3
7
-2209
10
6
2
9
7
-7613
6
0
8
1
0
-6664
6
5
10
1
2
-2271
9
5
4
6
2
-3137
9
10
9
7
9
-9104
7
9
4
2
8
-5378
7
0
4
1
4
-2607
9
6
7
7
4
-610
6
5
6
10
8
-4517
6
8
4
2
10
-2825
2
4
3
9
5
-7991
9
6
1
3
0
-4431
2
6
6
8
9
-3366
7
5
4
9
9
-2150
8
6
4
4
2
-5961
8
5
7
8
10
-3790
10
8
1
9
4
-1708
7
3
10
2
7
-3580
5
3
1
6
2
-1904
1
6
8
8
3
-8767
5
10
9
4
1
-662
3
9
1
2
7
-8537
6
7
10
10
0
-2256
3
6
9
6
8
-8813
7
2
6
1
9
-287
7
10
7
7
5
-722
5
8
8
5
1
-9403
9
7
6
2
5
-6075
7
7
9
0
5
-9594
3
9
8
0
5
-3705
1
10
0
9
5
-9081
8
9
3
9
1
-5255
8
4
7
7
3
-4424
0
10
6
10
5
-2424
1
9
9
1
10
-4845
9
7
8
6
5
-6601
10
7
1
9
8
-6927
0
2
5
9
8
-9766
1
0
0
2
1
-9749
3
10
3
7
0
-4402
7
9
8
2
6
-9715
9
3
10
7
5
-7584
9
1
2
8
0
-9513
0
3
9
0
8
-752
10
3
4
10
10
-6608
0
4
4
4
4
-1264
9
9
10
10
4
-9593
10
4
0
1
5
-535
7
1
5
1
10
-4572
6
4
7
10
5
-9912
4
2
1
10
8
-4578
6
2
6
5
8
-6873
5
2
10
3
7
-456
0
1
0
2
8
-3878
4
8
10
2
6
-57
4
4
6
10
7
-5581
4
3
6
4
5
-1422
3
6
2
9
10
-32
2
9
9
3
7
-5149
6
6
5
6
3
-4714
9
5
8
10
0
-1731
9
1
7
9
0
-2327
9
10
2
0
9
-1399
0
10
0
4
9
-5836
6
5
0
6
4
-4325
1
1
4
0
7
-8503
2
0
1
8
5
-9020
1
7
7
3
9
-572
8
10
8
1
5
-1820
10
8
8
1
4
-5540
9
2
4
7
8
-4520
1
5
5
0
8
-6699
4
1
6
7
6
-4044
5
1
5
1
7
-1213
7
9
0
8
6
-7795
4
3
1
4
3
-8133
3
2
4
10
4
-256
9
6
9
10
3
-5739
0
2
4
7
5
-9246
4
9
5
9
3
-529
5
10
2
9
1
-8319
10
7
5
2
8
-7681
7
9
10
0
9
-6885
10
6
6
7
7
-2830
6
10
0
7
2
-121
2
6
10
4
8
-1212
6
5
8
8
3
-2238
10
7
6
6
9
-8790
7
5
2
5
4
-3720
7
6
9
7
1
-7299
2
5
3
4
0
-5767
3
3
1
6
4
-285
9
5
3
9
3
-9250
4
2
3
1
5
-5703
9
5
1
3
9
-3674
7
2
9
0
10
-129
6
3
0
0
5
-3125
0
7
10
0
8
-1155
4
10
8
10
8
-219
1
4
8
10
6
-9978
3
0
8
8
8
-6392
7
5
3
8
6
-7083
0
9
2
1
6
-1351
7
7
2
4
4
-2923
8
4
6
7
10
-911
3
9
9
8
6
-3711
2
3
6
8
7
-4469
0
2
7
1
6
-2206
9
3
7
2
6
-4422
0
3
8
10
8
-7240
4
4
10
2
6
-2232
5
4
1
7
1
-9145
0
4
1
4
8
-3252
8
9
2
6
8
-1928
7
6
6
0
4
-4089
5
6
8
6
8
-4926
3
5
2
8
8
-1992
2
3
9
8
8
-8476
10
0
5
10
10
-7439
10
7
6
5
9
-3701
7
3
5
10
2
-4845
8
9
2
3
3
-4396
0
8
10
8
8
-3722
10
0
1
9
10
-2979
6
5
0
8
6
-4440
5
6
6
7
6
-3145
3
4
2
7
6
-4194
9
2
2
10
5
-6950
0
8
3
1
5
-1287
4
4
8
6
1
-3292
8
6
0
10
7
-4331
1
8
2
10
10
-9029
8
10
0
8
9
-5411
6
1
6
0
0
-7020
3
3
9
2
6
-8163
8
6
5
2
4
-7330
8
1
7
4
4
-126
7
9
1
7
6
-8263
0
9
5
2
10
-1281
5
3
4
2
1
-1610
0
8
7
5
0
-1140
8
6
10
6
6
-1446
6
6
10
10
5
-1430
7
3
3
4
10
-8114
7
0
3
10
3
-7275
10
1
5
3
3
-2284
10
4
10
2
9
-6926
1
8
7
0
4
-1210
2
8
10
8
9
-1238
8
10
5
7
2
-6582
5
5
2
8
8
-7726
6
9
10
3
0
-5245
5
6
10
8
5
-2605
7
4
3
0
7
-5019
10
7
10
1
2
-1797
3
2
0
3
2
-4413
9
2
8
2
8
-21
2
0
9
6
7
-9772
1
2
6
7
9
-1950
9
1
8
1
3
-6586
1
0
2
9
7
-7644
5
0
8
10
0
-1763
7
8
9
5
3
-6364
3
8
10
8
5
-9931
6
1
10
9
9
-2140
9
2
5
3
10
-615
0
10
1
6
4
-3931
1
5
2
10
2
-545
7
9
3
10
1
-9430
8
6
7
3
6
-6277
3
5
7
1
8
-5492
10
1
8
5
3
-4346
7
4
0
4
10
-1911
7
10
10
0
4
-7510
10
2
6
6
6
-9608
3
6
4
3
10
-8922
7
10
3
5
2
-7014
9
0
2
10
3
-9422
8
8
6
6
9
-3891
7
6
6
2
3
-5362
9
9
10
1
4
-290
0
4
1
1
9
-1914
2
9
7
7
10
-4248
4
4
7
0
10
-6348
7
8
1
1
10
-8231
5
3
8
8
10
-1600
2
8
8
3
5
-7674
0
4
5
10
1
-7611
3
7
10
1
3
-4104
9
9
7
4
9
-417
8
4
2
1
8
-4591
5
9
7
9
7
-8654
0
4
3
7
2
-9556
9
7
2
6
3
-136
1
7
1
5
7
-3661
1
3
4
5
2
-3212
1
9
10
6
9
-868
8
7
6
1
3
-139
0
5
8
0
6
-1633
9
1
10
5
8
-584
6
3
3
4
0
-4122
5
3
2
8
10
-632
10
1
0
3
3
-8097
8
7
9
2
0
-445
3
1
4
1
7
-2658
2
6
7
3
3
-2888
5
4
4
9
9
-1952
7
3
1
1
7
-7010
8
2
9
3
0
-5123
9
1
6
7
10
-4174
2
1
8
5
10
-792
6
4
5
3
8
-7125
6
5
10
3
1
-3245
7
9
1
2
10
-7159
10
2
3
5
10
-9360
3
10
10
0
9
-8130
7
3
6
9
9
-3275
6
1
4
0
0
-3946
1
2
8
1
3
-2934
6
8
0
9
4
-4124
7
6
0
4
7
-9586
7
3
10
0
8
-6327
4
9
10
3
1
-7285
4
5
10
2
1
-7345
7
9
6
8
8
-2094
6
4
10
8
5
-6987
7
2
2
3
5
-847
3
3
6
3
0
-5433
8
1
1
10
2
-1418
2
6
5
10
8
-4745
2
7
4
1
2
-8450
7
1
7
7
7
-7622
9
1
1
7
0
-408
2
6
10
3
4
-9841
5
9
4
7
7
-5638
7
9
9
2
1
-8260
4
0
5
9
2
-6739
1
5
1
9
1
-7195
1
7
1
7
3
-2204
0
4
4
7
0
-4297
0
0
5
4
4
-5939
5
1
10
3
1
-5803
1
7
2
9
6
-7566
10
1
2
9
2
-6356
5
5
9
10
9
-7655
0
5
0
0
1
-4685
7
1
0
2
5
-5860
1
0
3
10
9
-7361
6
4
2
6
3
-1195
7
9
2
0
9
-6217
5
7
2
6
2
-7708
1
1
9
3
0
-5025
10
9
0
5
2
-5394
8
2
6
2
5
-9951
3
5
8
6
3
-6143
2
9
1
10
2
-3813
0
9
0
5
2
-9083
10
1
3
10
5
-3211
8
7
1
0
3
-4866
1
2
8
7
5
-9570
10
3
9
6
2
-8095
3
5
3
4
9
-2064
6
9
7
9
6
-2433
10
9
7
1
7
-493
5
10
4
8
2
-5904
0
6
5
4
7
-2175
10
7
0
1
3
-6596
5
1
4
2
10
-7199
0
7
10
4
10
-4427
6
2
1
1
1
-8048
3
0
6
0
5
-2428
4
6
3
5
1
-8848
4
9
10
8
9
-8261
7
7
8
7
6
-3894
7
7
4
1
3
-3301
5
2
5
4
2
-2447
7
4
9
0
7
-8863
7
5
8
7
10
-1902
0
3
2
5
2
-7285
1
0
3
2
3
-230
6
10
1
8
1
-7829
4
1
9
2
6
-5502
2
9
2
7
2
-9738
4
1
1
8
8
-6202
5
10
7
1
9
-6889
2
6
9
1
3
-2521
0
6
7
6
1
-5262
5
9
0
2
2
-2295
6
8
6
0
1
-7755
1
9
10
1
6
-3896
5
0
7
7
6
-7285
0
7
3
4
9
-7255
10
1
5
8
4
-483
1
10
9
1
8
-9905
2
1
10
1
5
-3580
8
10
2
2
7
-6922
8
7
3
9
4
-4820
7
4
0
2
8
-2595
6
3
3
9
5
-4090
8
5
5
7
4
-7597
9
3
5
9
5
-3289
7
4
0
10
3
-391
4
3
10
10
8
-977
0
0
1
2
10
-8279
5
7
3
4
4
-5530
8
9
5
4
7
-7502
8
10
10
4
2
-1229
5
4
5
8
5
-2085
4
3
5
6
8
-918
7
3
6
2
4
-8344
9
9
2
9
7
-3570
10
5
0
0
9
-2580
3
1
8
0
7
-6569
9
5
7
4
10
-1561
8
0
3
2
10
-8017
4
0
5
9
9
-1990
6
1
3
6
3
-7047
3
1
2
10
7
-5252
8
0
8
8
5
-5618
5
2
0
3
3
-8922
1
8
9
1
9
-5261
6
8
0
6
0
-5700
3
7
10
5
8
-1977
9
3
9
9
6
-4631
6
5
7
4
9
-6101
7
6
1
8
9
-4268
10
7
4
7
6
-1380
3
7
1
0
2
-7264
4
1
1
4
3
-2162
5
8
9
9
1
-5053
10
5
4
6
1
-1385
2
8
2
5
6
-1631
3
10
2
1
5
-2062
4
10
6
9
5
-1327
4
6
0
6
10
-8667
10
4
1
9
8
-4893
4
6
0
2
5
-4081
5
3
9
9
0
-628
9
4
9
2
10
-8277
1
10
0
8
5
-1447
9
6
7
1
4
-2732
2
10
9
4
1
-4619
9
10
10
3
8
-5868
2
2
2
4
4
-9145
0
3
7
5
2
-6200
1
0
4
1
1
-7226
2
3
7
7
6
-32
6
3
10
3
2
-5126
3
8
7
2
2
-9627
5
3
10
7
2
-8753
8
3
1
5
10
-3930
3
1
6
6
3
-1420
7
3
10
4
6
-7858
6
1
0
7
3
-5949
1
6
5
2
2
-189
9
9
8
4
10
-6419
3
7
4
9
0
-2086
9
6
5
3
4
-4625
5
10
2
5
3
-8664
2
1
5
8
5
-204
9
9
0
3
6
-4266
9
2
2
9
9
-300
10
2
3
2
2
-2769
5
6
7
2
3
-6901
7
8
4
8
2
-5690
5
3
5
3
9
-4104
2
0
9
1
9
-3034
3
6
3
6
4
-6323
3
2
8
1
8
-556
2
9
9
2
6
-8728
3
9
4
2
0
-9182
5
1
8
1
6
-2949
1
2
7
0
3
-8928
4
0
7
4
10
-376
0
4
8
10
1
-5795
1
9
1
7
7
-7366
7
8
9
4
3
-6002
0
2
0
6
5
-1728
0
0
10
9
10
-56
6
5
2
9
6
-3961
10
4
6
5
2
-7590
4
8
9
7
8
-512
1
4
10
7
2
-1495
2
3
2
5
9
-4333
6
0
6
1
4
-1946
0
6
1
4
8
-4547
9
2
9
7
4
-2754
7
2
1
5
0
-8058
8
0
9
1
7
-8726
7
0
2
9
0
-111
3
9
6
0
7
-25
10
4
6
3
6
-2913
7
1
8
3
6
-9421
8
10
0
7
4
-17
9
1
7
4
3
-6289
9
2
7
6
9
-926
1
5
5
8
1
-3724
10
1
5
10
2
-5588
8
10
5
7
7
-925
9
1
5
9
3
-8024
5
3
9
1
8
-7512
8
1
0
7
5
-1418
2
7
9
2
8
-4215
2
8
5
1
3
-206
7
1
2
6
5
-7955
4
2
9
7
2
-6015
1
0
4
2
0
-310
9
6
4
10
10
-3050
1
6
4
9
9
-7
8
9
8
3
8
-1164
5
9
3
6
3
-6328
5
6
2
0
5
-4240
10
5
7
3
2
-5383
8
1
8
9
10
-1664
4
2
3
2
8
-9464
7
8
7
1
9
-5967
0
9
1
10
9
-5076
8
0
0
8
10
-439
4
1
5
2
9
-632
5
1
9
1
5
-781
5
4
10
4
7
-260
4
0
3
5
8
-278
8
0
9
2
0
-2086
2
6
6
9
5
-9389
5
3
1
2
10
-7515
3
4
10
0
2
-92
10
0
3
9
7
-8346
9
4
5
4
9
-1963
5
9
9
5
8
-1653
5
5
4
6
8
-9361
5
7
9
3
8
-4580
5
1
7
6
0
-6557
10
7
1
9
9
-3480
10
2
5
8
7
-7161
2
0
9
0
2
-7825
6
3
5
6
8
-7555
5
0
2
10
0
-981
5
5
1
5
5
-9776
3
9
9
4
3
-2790
3
10
9
5
10
-470
10
9
1
5
9
-9334
3
4
7
7
0
-9053
0
8
3
4
6
-1986
7
5
0
2
7
-843
1
1
0
10
7
-9184
1
8
3
5
2
-1714
0
10
2
2
0
-6798
2
6
2
3
9
-5424
1
5
5
10
10
-7057
7
1
3
6
8
-8857
7
6
6
7
4
-1647
10
5
1
4
10
-7340
3
1
4
8
8
-3889
8
4
5
9
6
-4056
2
2
0
6
1
-1857
9
9
5
9
10
-3377
1
10
7
0
10
-4243
10
8
1
0
1
-2924
9
5
2
7
7
-6363
7
5
9
8
9
-9916
6
5
1
10
5
-1252
2
4
4
2
7
-3264
1
9
5
5
8
-513
9
5
0
10
1
-1202
9
4
2
5
8
-7690
9
3
9
2
1
-5093
8
2
2
4
4
-892
6
6
10
7
6
-2243
5
2
4
10
2
-9125
4
1
4
3
0
-5738
5
5
8
10
1
-6898
7
7
6
4
0
-9034
6
6
10
1
1
-976
2
4
10
3
1
-5924
8
1
7
2
8
-5139
2
7
8
4
3
-5033
9
0
7
10
7
-2766
6
5
7
8
10
-9830
4
0
10
2
1
-9129
3
6
1
10
4
-1376
9
8
9
2
0
-9952
3
9
7
4
2
-1497
2
5
9
2
3
-5557
0
4
8
8
1
-5254
7
3
9
9
5
-1452
1
4
5
7
6
-434
10
1
6
5
9
-8823
10
1
4
9
2
-2188
8
8
9
3
5
-9878
0
9
4
5
8
-6178
0
0
8
0
3
-8854
6
2
0
9
10
-6272
10
4
5
8
3
-3610
7
7
6
5
3
-4192
1
4
1
6
0
-2946
3
2
2
4
7
-2710
4
9
10
5
1
-1951
2
9
10
7
10
-9647
5
9
1
3
3
-3079
1
10
7
4
2
-2127
1
2
5
9
10
-6068
10
1
9
6
3
-7325
10
2
5
5
10
-5963
10
2
5
10
1
-3317
5
8
0
2
7
-1140
6
7
4
4
1
-4401
10
3
6
8
5
-8798
10
7
1
1
4
-8971
3
6
5
9
5
-5108
7
8
2
9
10
-5979
3
6
5
4
10
-8536
8
4
2
4
4
-928
2
3
4
9
7
-5602
2
8
7
10
10
-8294
1
1
1
7
5
-4509
0
8
4
1
3
-5308
5
8
9
1
7
-6614
8
2
3
6
6
-9255
2
10
1
8
2
-667
1
5
8
1
3
-7791
7
8
3
7
2
-1652
0
3
6
9
6
-2317
8
8
1
3
4
-7208
4
0
9
6
8
-8600
9
3
0
8
6
-2247
0
7
8
6
7
-2994
2
7
9
7
2
-7223
10
8
9
3
10
-3098
6
5
7
10
10
-7206
5
4
9
7
2
-9735
6
10
10
10
0
-5027
10
7
3
3
7
-9687
3
8
9
10
1
-5217
9
8
3
4
10
-7131
6
9
6
10
3
-433
6
0
6
6
7
-1560
4
2
5
7
2
-5731
3
8
9
4
8
-3315
4
8
9
6
6
-1825
10
5
1
5
3
-9249
9
2
6
2
3
-2544
9
9
0
1
8
-2161
7
0
1
3
2
-7884
10
3
5
3
7
-7504
2
9
7
4
10
-1095
7
8
10
5
8
-2128
3
6
7
10
9
-741
7
7
2
10
6
-2029
6
9
4
3
3
-5663
6
3
5
10
8
-1957
6
7
8
0
0
-9755
1
4
4
3
0
-4218
0
10
5
0
5
-700
5
1
7
10
7
-9182
4
7
10
3
9
-2996
3
9
8
9
6
-5011
10
5
9
7
9
-8906
8
5
2
2
1
-3797
6
9
1
7
6
-4130
3
7
10
3
0
-2574
5
8
4
4
3
-9936
7
8
9
6
6
-6957
4
9
8
5
8
-8880
3
1
6
2
10
-5194
2
7
1
3
9
-6845
7
1
1
5
1
-4002
6
4
7
8
2
-1780
4
10
9
1
3
-4818
3
3
5
0
6
-6460
1
1
0
2
5
-4619
2
7
4
0
7
-2573
5
2
8
9
3
-3226
2
7
3
8
3
-5491
9
1
2
2
3
-3610
10
7
7
2
4
-1476
0
10
2
5
5
-2351
9
9
1
10
9
-9870
3
9
9
4
8
-6073
5
4
4
1
5
-9806
2
3
10
6
7
-1306
5
9
9
9
10
-9223
5
1
10
4
10
-8653
3
9
8
4
7
-7159
1
6
10
6
9
-8716
3
4
1
4
3
-2623
6
9
10
0
4
-5941
5
10
7
2
4
-2520
5
8
8
1
9
-5074
8
2
2
10
3
-260
4
3
3
6
9
-7083
3
7
1
6
1
-5120
0
7
6
7
3
-6561
1
4
1
5
3
-540
6
9
5
2
8
-5664
1
1
7
9
5
-6893
4
8
4
3
3
-8905
3
4
8
4
6
-8024
8
7
8
2
7
-6578
0
10
5
7
6
-2723
1
4
7
5
2
-9044
3
4
5
1
9
-1393
3
7
10
0
10
-7561
9
1
5
3
3
-8017
9
3
1
9
7
-6279
7
1
9
2
2
-8780
7
10
5
10
5
-6308
9
1
6
5
3
-9457
0
4
1
6
6
-9790
0
4
5
4
0
-3608
0
7
8
2
10
-5327
8
10
1
6
1
-6456
9
2
6
3
8
-8099
2
0
10
7
9
-4876
4
6
6
1
0
-7998
6
8
9
7
7
-33
4
8
1
6
5
-7334
9
9
3
6
0
-3549
4
4
3
5
5
-7249
3
6
8
9
5
-4052
6
8
6
3
2
-8805
1
5
9
1
5
-2821
6
8
7
5
9
-833
4
6
2
10
10
-4820
0
3
8
1
2
-6340
9
10
5
1
4
-8860
9
0
4
8
5
-8529
3
5
8
4
7
-5547
10
8
5
3
1
-2404
10
8
4
8
4
-1585
9
10
4
1
8
-6669
1
7
4
10
4
-4718
3
9
4
2
6
-654
1
3
1
4
10
-992
10
2
7
9
3
-1884
1
8
8
6
7
-30
1
1
5
7
0
-1719
3
10
6
1
4
-3852
4
6
4
4
1
-5551
2
4
3
6
5
-5699
4
8
0
10
5
-5949
10
10
8
3
0
-4212
9
6
8
5
1
-9122
3
0
10
3
10
-6978
10
10
0
8
0
-471
3
7
6
7
3
-6113
4
0
9
7
1
-3385
7
5
1
8
3
-9207
5
1
6
3
5
-3304
9
10
2
2
9
-1573
9
5
2
1
0
-4675
9
1
10
7
7
-5162
10
9
5
10
2
-9403
7
8
1
4
0
-524
6
9
6
0
7
-8138
0
4
3
8
9
-9020
9
4
1
4
1
-6950
2
6
7
9
5
-2493
4
9
5
5
10
-191
9
1
4
1
2
-3273
8
7
3
2
9
-2618
10
1
2
5
1
-6937
9
1
4
10
5
-5552
6
10
3
7
10
-3654
1
10
7
7
8
-6784
9
2
9
5
10
-3193
7
3
10
8
8
-3829
7
7
9
0
6
-1875
8
7
1
2
5
-9867
2
5
8
3
8
-3618
2
6
9
5
8
-701
10
2
0
3
8
-2138
8
10
10
3
8
-5835
6
6
10
2
2
-7523
9
10
8
0
9
-4355
0
1
9
9
4
-5020
8
6
5
8
10
-8183
10
3
5
4
3
-2308
7
5
5
10
2
-2750
3
0
10
6
4
-2985
9
3
3
0
3
-1745
6
6
0
7
9
-8296
5
5
1
7
10
-5387
6
1
9
2
7
-7
4
2
3
10
9
-6773
5
7
5
4
2
-5114
1
4
9
2
3
-164
8
2
10
6
9
-8057
9
10
6
7
8
-2360
3
5
0
4
0
-2386
5
0
2
7
6
-6411
6
4
9
8
3
-5448
7
4
10
0
6
-4044
4
5
6
1
9
-7199
7
4
6
8
6
-5534
0
1
1
9
5
-1051
0
8
2
8
8
-1737
1
3
10
5
3
-9517
5
8
10
10
3
-8451
8
8
2
4
3
-6306
0
0
3
0
3
-8851
4
8
5
6
6
-2831
8
6
4
4
1
-7323
6
7
9
9
4
-4965
2
5
3
5
10
-3897
1
6
9
4
9
-6181
6
6
2
6
5
-9314
0
3
0
3
5
-3048
5
1
3
0
3
-1251
8
7
8
4
6
-1254
8
7
5
0
0
-1180
8
2
2
2
2
-2920
8
8
7
1
2
-2578
8
10
7
5
10
-8437
6
0
2
2
10
-6344
1
2
10
6
7
-8366
4
6
2
10
10
-4786
7
9
0
7
4
-9199
6
1
4
5
9
-9231
9
5
6
0
8
-2986
10
0
8
9
1
-5194
10
0
10
1
3
-8377
10
5
0
9
4
-2373
0
7
4
9
0
-5832
8
4
0
6
0
-5529
6
3
1
2
3
-5492
8
8
6
1
10
-1717
8
10
3
2
8
-8749
4
9
7
10
6
-1769
7
6
1
5
9
-3724
0
5
4
5
2
-7447
0
9
10
8
2
-8344
10
7
3
8
7
-6446
5
4
8
5
2
-1123
8
10
3
6
3
-2956
3
7
4
8
9
-8900
1
2
1
1
4
-1975
0
4
8
9
0
-7049
3
9
10
0
1
-1967
6
3
9
4
10
-4580
10
5
8
9
10
-4954
10
5
7
6
6
-6374
2
8
0
6
0
-6196
1
4
3
3
7
-5780
6
8
7
3
1
-7994
2
8
5
3
4
-2253
4
10
0
0
3
-219
2
3
6
1
3
-9341
1
2
5
8
1
-4867
2
3
7
8
4
-7514
1
0
0
0
4
-3613
3
6
9
0
9
-784
8
2
9
3
10
-6427
9
4
7
10
10
-259
9
8
7
4
5
-1772
0
4
4
3
3
-6904
10
0
3
7
4
-7026
3
10
2
4
6
-8488
3
4
8
7
6
-790
4
0
7
10
1
-8283
5
2
5
1
9
-8897
6
8
2
2
8
-9749
5
0
2
3
6
-6001
5
4
0
2
7
-9800
10
0
1
2
6
-6349
2
0
0
8
3
-9790
9
9
2
5
7
-9182
1
3
6
9
5
-4265
5
6
5
9
8
-3572
4
8
6
2
7
-4016
9
0
1
7
7
-6329
0
6
2
3
10
-5584
9
0
8
4
1
-5629
8
0
0
0
3
-2966
5
9
3
3
6
-6646
3
4
2
8
1
-205
5
10
1
10
10
-8954
3
6
4
0
2
-5216
1
10
2
2
2
-5060
4
1
6
3
3
-6805
1
2
7
10
7
-3192
3
2
1
6
7
-9099
4
1
2
4
10
-4188
8
6
5
2
8
-5050
6
9
4
1
5
-7884
2
6
8
1
4
-8799
5
2
3
10
9
-9649
5
1
6
10
8
-5017
3
4
2
1
0
-1847
7
6
2
9
5
-8043
6
8
10
9
6
-8272
2
4
3
4
5
-230
3
9
7
8
3
-1969
0
9
8
3
6
-6777
8
8
9
1
8
-7840
10
0
7
1
5
-224
10
2
0
2
3
-6304
7
0
3
10
7
-2063
1
5
9
10
1
-2866
6
1
1
9
2
-7665
7
2
4
4
6
-801
10
1
8
9
8
-7242
4
4
6
4
5
-8928
9
9
5
10
3
-1246
3
2
0
4
2
-3851
9
5
9
7
4
-8995
0
8
10
3
6
-753
1
4
10
0
9
-8738
8
7
6
6
5
-5426
5
4
3
10
5
-4013
6
0
7
5
8
-2034
2
1
8
2
6
-5749
3
9
1
4
6
-3393
10
0
7
3
5
-3092
9
7
0
10
4
-2956
6
6
9
10
9
-1274
2
10
1
3
4
-1053
7
2
8
5
9
-382
5
10
0
10
3
-7891
8
10
5
6
5
-6202
5
2
4
8
8
-6999
5
5
6
6
6
-1164
0
0
2
8
9
-68
1
5
7
10
6
-2573
7
3
2
7
8
-2297
9
10
6
9
3
-760
5
7
0
7
9
-9445
1
9
1
0
9
-6897
0
4
6
7
0
-8086
5
5
4
9
6
-774
2
6
4
9
0
-2759
8
10
2
0
6
-7247
7
10
3
5
10
-2365
5
4
3
9
5
-5078
7
6
7
3
8
-7942
6
1
9
2
10
-1067
8
5
6
9
8
-9349
5
9
6
1
2
-7760
3
9
2
8
7
-4133
2
3
9
4
8
-4419
3
5
2
0
4
-3761
7
0
10
5
6
-1701
8
8
3
9
9
-3269
9
5
6
4
0
-4142
7
10
0
3
1
-9229
3
10
9
9
8
-1779
0
10
3
10
0
-5982
7
3
7
0
1
-7469
10
1
6
5
8
-1277
7
5
4
3
3
-4447
1
1
5
5
4
-5299
7
8
10
5
7
-6669
5
6
7
5
8
-5507
5
4
10
8
6
-1707
6
2
1
8
4
-6001
9
4
3
8
8
-1873
2
8
6
3
9
-3848
4
9
3
5
4
-7665
0
1
5
1
4
-5983
1
2
7
10
7
-9370
8
5
0
7
2
-160
7
10
1
8
6
-8693
4
10
3
4
10
-6206
4
1
9
7
3
-1553
8
1
6
4
9
-7737
6
3
5
10
2
-549
6
10
5
3
8
-6889
3
7
1
7
2
-6522
9
10
0
10
7
-8715
9
5
6
4
0
-2267
1
4
1
4
1
-8724
8
0
6
8
2
-1938
8
3
3
2
1
-5112
5
0
8
0
1
-5527
3
4
0
0
0
-4127
1
6
5
2
4
-7456
8
10
2
7
9
-8172
0
7
7
4
10
-9160
3
8
9
7
3
-1026
4
5
5
10
0
-7622
8
5
5
3
6
-1229
2
8
2
2
3
-2659
3
3
8
0
10
-8561
2
0
2
6
7
-559
5
9
9
1
5
-7626
8
2
6
3
7
-5689
10
2
7
1
3
-5081
10
9
10
2
8
-8050
7
10
1
2
4
-7055
0
10
5
7
5
-469
3
10
9
7
6
-8159
4
0
4
5
2
-2220
8
8
9
0
10
-1245
9
3
5
0
3
-9770
4
5
3
0
1
-4871
7
5
4
4
9
-2008
2
5
5
3
4
-613
3
0
7
7
2
-6039
0
8
2
3
4
-7481
4
4
3
6
2
-6089
9
10
3
1
7
-5789
9
6
0
8
7
-9716
8
1
2
6
9
-5324
6
9
2
2
2
-9693
7
2
3
0
8
-2871
5
3
7
4
6
-9317
10
9
8
8
4
-2862
6
9
1
2
10
-1402
8
2
10
5
8
-8607
2
8
0
1
1
-5829
1
3
1
3
9
-552
3
8
7
4
3
-2387
7
8
7
2
1
-2332
3
5
10
7
4
-7226
0
5
0
8
3
-7789
5
7
2
5
8
-3091
7
5
9
10
4
-4046
9
2
7
8
7
-3046
0
5
8
0
7
-5321
5
7
10
3
1
-79
7
6
9
0
2
-6237
5
6
3
3
5
-1523
10
6
9
1
1
-6453
5
0
9
2
9
-1414
4
7
2
6
2
-3038
2
7
7
2
6
-2245
8
2
1
3
8
-5025
8
0
0
3
8
-899
8
8
2
10
9
-8560
2
0
7
0
2
-4299
7
3
2
7
8
-8663
8
9
2
6
7
-7561
0
5
3
3
4
-2953
5
2
2
6
2
-5004
1
8
4
6
0
-1645
7
5
8
2
5
-1828
7
1
4
1
0
-77
5
7
9
5
7
-5004
9
9
2
7
6
-6610
9
0
10
4
10
-173
2
7
5
3
2
-6182
0
6
3
5
8
-5703
7
4
9
8
3
-4703
0
8
2
10
8
-2469
8
9
4
2
5
-6411
2
3
3
1
1
-6484
10
7
8
4
8
-7430
10
8
7
9
10
-1079
9
3
9
6
10
-7164
4
4
8
7
6
-1122
0
0
7
9
0
-5428
0
2
10
3
9
-8009
1
2
8
7
7
-3475
5
5
0
8
8
-428
8
7
3
4
5
-8849
4
7
7
1
5
-1594
7
6
7
6
1
-8307
10
3
8
4
3
-7127
6
6
1
3
9
-1453
10
0
1
0
4
-275
10
9
3
7
9
-2763
5
5
6
6
5
-8609
10
3
2
3
0
-6819
0
8
4
4
5
-5721
1
3
4
10
1
-8882
4
6
8
6
0
-9731
5
0
1
8
4
-3033
3
4
6
10
6
-1176
7
3
5
10
10
-7867
4
1
1
7
10
-8607
6
7
4
9
4
-9100
8
1
3
7
2
-4520
0
3
4
1
1
-2833
9
4
3
4
9
-4497
1
3
2
2
4
-4375
2
8
10
2
2
-4795
0
10
5
10
9
-3530
9
3
2
9
7
-4096
9
5
8
8
4
-5516
0
2
10
8
5
-603
6
0
2
9
5
-1527
0
8
5
8
2
-956
3
3
6
3
7
-88
8
10
4
2
2
-7775
10
9
9
2
9
-3265
2
9
7
8
3
-3632
7
2
5
5
2
-7714
0
1
8
1
10
-3317
4
8
9
1
5
-8139
10
1
5
1
9
-4064
7
7
6
2
9
-7802
1
1
6
2
0
-6216
0
4
1
0
7
-8677
0
0
6
9
1
-3723
4
5
6
7
7
-5693
1
6
5
6
0
-122
7
0
7
7
7
-9766
10
0
4
5
7
-1177
10
5
0
6
7
-2334
6
0
5
10
1
-2297
2
2
0
8
7
-9168
5
6
2
2
7
-9932
5
10
6
1
0
-348
10
1
8
7
7
-3709
6
3
0
4
10
-367
4
5
6
8
5
-6513
0
5
4
10
4
-6018
4
6
2
5
8
-8662
7
0
6
8
9
-8984
0
8
0
6
10
-2814
2
10
10
8
2
-9104
5
3
4
1
3
-2065
7
8
8
6
6
-6925
4
6
9
7
6
-6245
10
8
4
0
0
-5238
3
8
0
5
10
-8690
1
5
8
7
4
-4566
8
8
6
7
10
-6014
9
6
4
1
6
-8536
0
2
4
6
7
-410
0
2
7
4
8
-8215
8
1
3
9
2
-703
1
7
8
7
5
-7721
6
3
3
7
2
-6849
1
10
3
9
5
-9360
9
9
6
2
3
-6087
1
10
7
7
4
-7476
1
4
5
9
8
-2828
6
4
4
0
5
-7942
6
6
6
0
10
-1245
10
2
10
0
1
-4204
1
7
7
3
6
-3414
10
6
7
0
0
-9917
9
1
8
2
9
-7667
3
5
5
9
4
-9842
10
8
6
4
8
-5417
7
1
2
4
10
-4961
7
4
9
9
10
-1288
6
0
7
7
7
-8286
8
4
0
4
9
-1846
0
1
5
0
10
-5798
1
0
9
5
8
-5504
8
6
2
0
3
-9810
0
8
5
9
2
-1559
7
7
9
0
1
-9710
7
2
10
9
4
-5100
0
8
9
2
2
-8829
7
7
7
0
5
-6434
8
8
4
8
1
-1875
1
7
2
10
7
-8663
7
10
0
5
1
-7685
3
3
0
3
1
-8087
1
3
4
8
2
-6119
1
8
5
7
10
-6742
0
1
4
4
10
-9738
5
7
6
6
0
-4799
9
1
0
7
9
-7945
0
1
3
9
3
-261
4
6
8
7
6
-3736
10
5
4
7
7
-1534
1
0
4
3
3
-1426
4
6
1
5
10
-95
9
6
6
5
2
-2340
9
7
9
3
5
-2225
9
1
6
0
5
-7282
6
9
5
4
3
-7270
1
5
10
8
8
-7117
7
6
10
6
8
-1279
6
9
9
5
3
-6214
7
5
9
6
0
-3973
7
2
2
6
10
-6907
9
9
3
8
9
-6810
7
3
5
2
7
-2596
9
1
8
10
7
-4372
9
7
5
9
3
-3906
4
0
2
8
9
-1277
2
5
5
1
8
-9612
6
3
10
4
5
-2594
9
7
9
8
2
-7918
7
3
0
0
10
-1422
10
6
5
8
8
-9911
0
5
6
7
2
-3099
9
10
7
7
7
-6615
10
10
8
3
4
-1181
9
9
6
2
9
-250
5
6
4
6
6
-9698
5
9
4
8
10
-4812
0
5
9
7
7
-3378
6
9
0
2
4
-9155
2
6
3
4
4
-9079
10
1
0
5
4
-7259
2
1
0
3
6
-8321
10
9
1
10
0
-585
4
10
5
4
3
-7729
7
3
10
9
5
-1014
4
7
7
1
3
-6951
5
1
4
3
8
-2702
2
1
4
10
10
-6931
6
3
2
1
0
-6766
6
3
2
10
4
-3197
8
1
5
9
4
-5231
2
7
1
8
10
-5689
9
1
0
2
5
-5866
10
9
2
10
1
-6755
7
10
8
4
10
-9681
2
8
10
5
9
-6522
6
8
1
1
1
-8735
10
7
9
9
8
-4596
8
6
2
3
4
-4629
4
5
4
5
9
-7991
1
3
6
8
9
-1257
10
1
3
10
3
-9975
2
3
1
8
6
-8403
8
9
10
0
6
-2761
10
0
8
9
9
-5918
8
8
9
8
0
-8683
10
1
3
7
1
-9905
10
7
7
6
10
-2549
6
10
6
3
8
-7504
1
5
6
2
10
-9097
4
10
4
0
8
-7244
8
9
4
2
7
-5530
10
7
7
5
3
-4923
9
7
7
10
8
-6356
5
4
1
5
3
-7739
4
10
5
6
8
-5793
10
6
3
8
1
-5889
0
9
5
4
9
-8442
5
10
5
0
1
-9234
1
4
8
5
7
-4586
0
7
6
10
5
-9892
2
2
2
8
4
-8819
0
0
2
8
0
-1036
6
9
7
7
6
-6548
1
7
0
1
10
-3147
6
9
6
4
6
-944
0
2
7
4
7
-622
5
1
0
2
7
-7715
0
4
0
5
2
-9098
9
6
7
2
2
-8300
5
9
10
5
7
-2377
2
2
5
10
5
-6410
0
5
1
0
3
-4557
3
1
1
10
7
-6397
5
0
10
6
7
-1303
5
3
9
5
8
-9058
5
7
8
1
10
-3243
2
7
3
5
0
-9202
5
6
3
5
10
-603
3
10
3
6
9
-4031
9
9
4
8
4
-886
8
1
2
0
5
-3205
5
10
9
4
6
-8388
3
3
5
8
9
-2049
10
6
2
2
0
-424
9
1
3
8
0
-6824
2
10
8
5
0
-9306
3
4
1
8
3
-6527
5
4
4
10
3
-2918
5
5
8
0
1
-4938
1
9
0
0
1
-3582
2
1
4
0
5
-2060
4
4
6
8
8
-9184
10
6
8
4
9
-5219
5
7
9
6
4
-8588
7
7
1
10
6
-3365
4
5
4
9
4
-3741
10
8
0
1
4
-9874
2
10
5
5
1
-5563
2
3
5
6
1
-4335
8
1
3
1
6
-3730
5
6
2
0
5
-3956
4
6
5
5
10
-457
5
3
8
2
8
-6940
9
7
0
6
6
-1259
6
6
2
2
0
-3135
7
0
2
7
3
-6098
10
3
3
9
5
-7381
7
6
3
9
9
-2814
9
7
3
1
5
-3681
4
3
10
7
3
-8569
9
9
7
6
10
-9984
4
0
3
9
8
-7645
7
0
0
4
8
-4261
2
1
5
9
7
-1405
6
5
4
5
10
-570
3
2
2
5
10
-3443
6
2
5
0
3
-5693
7
4
2
6
1
-2628
8
0
0
7
1
-7212
10
0
7
0
7
-37
4
3
8
10
9
-1399
9
2
5
0
5
-2689
5
4
8
10
8
-7545
5
6
3
8
3
-305
4
10
5
3
3
-4298
1
9
7
3
3
-9728
7
10
6
10
2
-9917
4
3
2
7
7
-4513
0
5
2
8
2
-537
4
4
6
1
5
-39
8
8
0
2
8
-7086
0
9
9
2
0
-808
0
5
10
10
3
-3854
3
9
0
10
10
-6917
10
10
4
1
6
-4364
2
1
5
4
5
-9618
3
7
4
2
8
-6574
6
10
5
2
7
-4853
6
1
9
9
4
-7683
1
6
8
6
8
-8694
5
6
2
0
5
-922
9
9
9
5
0
-5307
10
8
0
6
0
-7239
8
1
1
2
8
-6822
6
1
10
6
7
-5146
10
7
7
2
4
-8308
2
5
6
6
0
-9046
0
9
8
2
7
-668
3
3
1
3
1
-9634
3
9
9
2
8
-9945
0
0
2
9
6
-8232
5
0
3
6
1
-3293
3
9
4
9
6
-8800
8
3
5
6
5
-172
9
10
8
10
9
-624
3
8
10
7
1
-9737
8
0
1
8
10
-4651
4
3
5
2
5
-1255
2
3
4
2
5
-8235
0
1
7
1
2
-1735
2
3
10
10
4
-8948
10
4
3
1
6
-5650
7
7
4
9
6
-9375
8
9
2
2
9
-716
8
7
1
0
1
-4199
3
4
2
0
1
-8797
0
10
10
1
1
-5324
2
8
2
10
0
-5299
0
9
4
6
5
-8073
10
5
2
0
8
-1696
5
4
3
4
0
-8668
8
9
8
10
7
-8964
3
7
1
5
5
-3882
8
1
9
7
7
-9312
4
1
9
4
3
-9493
9
7
8
8
8
-1329
2
7
2
7
0
-6516
1
9
3
9
8
-7676
6
2
10
7
9
-4276
0
10
1
10
4
-3955
3
10
2
5
4
-3800
7
10
0
8
3
-3403
7
1
5
2
0
-5699
4
5
3
9
4
-7663
4
0
1
9
6
-3526
8
6
4
0
2
-9326
4
9
1
3
7
-9282
8
1
10
7
4
-694
8
7
10
10
4
-676
6
7
6
2
5
-3106
4
6
4
5
8
-816
6
8
5
9
6
-4126
4
7
0
0
6
-8052
4
7
2
3
10
-3406
5
10
9
0
10
-5538
4
10
3
1
8
-5261
7
10
5
0
6
-4641
3
1
0
5
2
-9824
7
9
4
7
0
-4697
6
5
10
0
2
-2990
10
1
6
8
3
-4290
2
6
1
10
2
-2978
6
7
10
8
5
-7487
9
3
7
8
9
-3512
2
3
6
1
8
-2436
10
8
9
10
0
-9641
10
5
9
7
10
-1257
0
7
0
3
3
-4621
0
3
5
9
6
-1986
3
8
3
0
9
-4451
4
10
1
2
3
-245
3
6
1
2
6
-6823
8
3
9
7
1
-7679
8
0
6
6
7
-2727
7
8
4
4
3
-2284
10
8
10
9
7
-5947
2
10
2
3
3
-7544
9
2
5
3
6
-5976
8
8
10
1
4
-1343
3
8
7
3
4
-2792
1
4
6
3
0
-9782
0
8
9
0
1
-8257
5
9
4
2
10
-9964
2
6
4
5
0
-9511
10
10
8
1
8
-5721
7
8
3
0
5
-681
10
5
9
10
4
-105
9
9
4
1
3
-3084
7
2
9
4
3
-2348
6
9
9
5
9
-782
5
8
3
7
7
-7238
1
1
0
1
7
-818
10
2
3
7
2
-7334
7
5
0
1
0
-9292
5
9
10
1
8
-9405
10
3
9
1
2
-1793
7
6
10
8
10
-678
2
9
7
6
4
-5926
0
3
1
1
8
-7316
0
1
2
1
2
-986
0
9
10
3
2
-3413
3
7
6
2
3
-1354
5
5
4
8
3
-1833
10
5
2
5
10
-9032
0
8
9
2
2
-1046
10
0
0
6
8
-2880
6
10
4
0
8
-7075
0
7
4
0
7
-5872
6
7
8
10
1
-1383
5
8
10
6
10
-1418
8
2
3
5
0
-2358
6
2
2
8
3
-3440
0
1
10
4
10
-8864
2
4
2
7
1
-2724
8
10
9
3
4
-6414
9
6
4
4
8
-7794
6
3
2
3
1
-18
6
5
9
6
10
-979
9
2
0
1
1
-6082
5
6
2
5
8
-2584
9
3
9
2
10
-9832
1
3
0
3
6
-7273
1
10
4
0
1
-2001
3
7
3
6
10
-1088
6
1
5
4
3
-5976
6
6
0
0
1
-6510
0
4
4
4
2
-4726
1
8
4
2
8
-9744
7
3
4
7
3
-9617
10
3
10
2
2
-5526
3
10
0
0
2
-8502
6
6
10
3
4
-6746
1
6
2
10
2
-5196
0
10
4
5
9
-5104
8
6
7
3
4
-7679
3
7
9
2
9
-3960
10
3
6
1
10
-3534
6
3
8
9
7
-6260
3
3
0
9
3
-7290
8
6
2
10
9
-5407
3
8
10
1
5
-4371
9
3
6
10
9
-7091
1
10
2
7
4
-2520
6
7
2
3
6
-7438
4
9
6
10
9
-6035
3
2
2
8
4
-9994
5
8
3
6
8
-7799
3
10
5
2
8
-7678
0
6
5
3
10
-8896
9
5
7
2
2
-13
6
6
7
5
3
-7805
2
1
0
6
3
-9154
3
10
1
8
0
-1668
10
7
0
4
2
-6366
8
4
9
6
9
-3226
4
10
7
7
0
-1928
4
4
1
7
2
-9510
10
7
1
3
0
-567
0
0
5
6
5
-9337
0
1
3
9
1
-9365
4
9
9
9
2
-9956
0
6
2
1
0
-1722
10
4
2
0
7
-6622
3
2
1
3
8
-8715
10
1
3
5
7
-9496
3
2
4
7
6
-3302
0
1
10
0
2
-7608
9
1
8
1
6
-405
8
2
10
2
2
-3222
6
8
8
0
3
-4068
8
3
5
1
6
-1839
10
1
10
10
8
-8039
8
4
8
5
5
-5787
2
1
1
10
7
-9348
10
3
0
4
8
-9077
1
4
4
4
8
-2081
0
0
0
4
1
-4335
1
3
5
7
3
-3795
3
0
8
7
8
-7207
9
7
2
10
4
-4172
1
2
5
4
6
-8226
8
3
8
0
6
-9991
9
10
9
4
1
-7403
0
6
0
1
8
-7098
7
2
7
7
4
-3201
4
5
3
6
5
-9840
0
9
8
7
3
-1059
9
4
7
6
10
-3497
3
1
5
4
0
-7008
0
7
0
7
7
-3031
5
3
7
8
1
-2647
7
7
5
0
8
-7455
3
2
8
8
0
-2960
7
6
9
9
7
-9985
8
4
10
4
5
-8413
9
3
1
3
6
-877
4
8
0
2
6
-4249
2
10
9
6
4
-4236
3
7
3
0
8
-1779
1
10
6
2
1
-2735
0
0
4
9
4
-8975
4
4
0
0
6
-3983
5
9
3
3
1
-6626
6
10
8
2
1
-8969
9
5
1
2
9
-5984
0
4
3
5
4
-3245
8
7
4
4
6
-7772
10
5
7
5
3
-1290
4
9
10
8
2
-6227
8
9
10
0
2
-9760
5
5
2
10
6
-9005
4
2
3
9
7
-9835
7
2
0
10
8
-1561
2
4
9
2
8
-5633
0
6
7
2
9
-6764
5
8
0
10
9
-1519
5
8
9
9
4
-1918
8
6
10
9
0
-7245
0
10
5
4
2
-6009
8
1
4
5
4
-1460
7
6
7
4
4
-5847
0
2
8
4
3
-1360
10
2
10
0
7
-8064
6
3
5
9
4
-6079
6
5
0
7
0
-1412
9
9
7
9
3
-7052
6
7
5
4
10
-2291
9
10
8
5
7
-7378
5
1
5
7
0
-9263
3
9
9
6
4
-177
8
1
0
5
7
-4530
3
4
10
4
4
-8167
5
10
8
2
0
-7209
4
10
3
6
4
-3222
4
9
5
8
7
-3588
3
9
9
6
2
-2213
7
9
5
1
0
-3010
5
0
0
3
3
-893
8
8
2
4
2
-4382
5
6
1
9
4
-7945
0
4
7
0
7
-1840
0
1
8
3
4
-6369
9
10
2
7
1
-42
8
6
10
5
4
-5052
5
9
3
4
2
-8101
10
9
9
7
4
-8522
0
10
2
9
2
-5824
4
9
6
4
1
-178
9
5
7
8
4
-1500
4
5
6
8
10
-5430
1
0
2
7
10
-4335
2
2
0
8
3
-1368
4
5
3
1
5
-5483
5
4
8
8
6
-5344
4
9
0
9
3
-1811
1
3
5
10
1
-4068
9
4
8
10
2
-5954
6
7
7
2
9
-2667
1
6
6
4
3
-3183
1
7
1
5
10
-4663
4
0
7
2
1
-7817
0
10
2
9
8
-4422
1
3
10
4
0
-754
6
1
0
7
1
-4141
3
1
1
8
0
-6052
5
0
8
5
4
-3577
8
9
10
4
6
-4165
1
2
2
5
1
-6858
10
1
3
10
3
-1904
2
3
2
10
8
-1669
3
6
3
8
2
-7978
5
9
0
8
0
-7133
8
10
9
8
3
-8933
2
2
8
2
0
-6678
3
10
1
3
8
-7293
8
0
9
2
1
-9215
7
0
4
6
8
-629
3
4
2
10
2
-2242
7
2
1
10
4
-9062
6
8
10
5
3
-1795
5
5
4
10
8
-9611
6
1
1
2
5
-5322
2
1
5
2
7
-2435
2
9
6
6
7
-9366
3
3
3
2
9
-9564
9
9
3
7
3
-2839
0
1
7
9
0
-9824
7
4
7
1
1
-8367
6
5
9
4
10
-4215
2
9
8
0
4
-5885
1
6
3
10
3
-8402
5
8
7
5
6
-2655
1
8
1
9
7
-6471
3
5
4
3
10
-4651
4
6
4
2
9
-7926
4
3
3
5
2
-4721
2
7
10
6
2
-7582
7
4
2
5
2
-7239
6
9
9
4
0
-165
7
2
8
2
9
-6809
4
2
9
2
9
-6795
8
4
7
7
3
-5092
6
8
7
1
8
-641
10
10
3
9
0
-311
7
2
0
6
7
-9316
1
9
6
0
4
-8254
6
0
4
7
2
-6424
8
5
2
6
7
-3763
0
2
10
0
2
-5306
8
5
5
1
8
-3019
6
2
1
1
8
-1966
10
9
5
8
10
-1489
9
3
9
3
5
-122
10
9
8
2
7
-4090
2
6
10
3
5
-4054
4
3
9
3
1
-7582
8
7
10
5
2
-3417
9
9
4
10
1
-4391
7
4
5
2
1
-8393
3
7
1
7
5
-64
4
0
7
9
7
-1686
0
9
3
5
1
-7827
8
10
1
1
9
-4299
1
3
3
9
5
-8712
3
2
6
3
2
-7546
5
10
8
1
2
-8959
7
0
7
1
10
-9836
0
9
6
0
9
-8850
1
5
4
8
9
-8282
5
0
6
2
1
-7185
4
2
7
3
7
-5411
9
1
7
8
2
-9809
9
4
1
6
9
-1074
6
4
5
5
2
-5563
7
6
4
6
1
-1603
3
10
8
3
10
-374
5
9
10
0
7
-3338
5
3
8
6
0
-5914
10
4
2
1
6
-5720
7
10
10
1
3
-5193
5
9
4
2
10
-9668
0
5
2
9
10
-3971
3
0
5
0
1
-3002
2
0
0
7
8
-3613
2
0
0
5
8
-2730
1
2
5
1
0
-1990
4
2
6
6
9
-151
0
1
4
9
6
-1119
3
5
0
8
1
-2451
8
4
2
9
7
-781
7
10
3
0
3
-1932
3
5
9
10
0
-9446
7
3
6
3
10
-3613
8
4
9
10
7
-9677
10
7
8
6
3
-3019
3
1
9
5
3
-9683
1
4
3
2
2
-7106
3
4
6
5
6
-9283
3
3
10
0
2
-308
5
7
4
10
3
-5872
4
8
3
10
1
-5926
9
9
5
9
8
-3062
7
2
3
4
10
-1135
4
8
6
10
1
-9011
9
9
10
1
4
-4966
5
7
7
6
4
-714
4
9
8
2
0
-6079
7
10
5
4
6
-347
9
0
5
1
6
-4490
6
0
3
7
5
-5241
8
2
9
4
4
-6480
6
10
5
2
6
-2625
5
6
1
4
9
-8706
7
9
5
9
2
-7578
3
1
5
7
5
-8248
0
10
10
8
2
-1847
3
2
9
4
3
-3355
8
8
5
5
0
-9997
6
8
10
5
5
-3335
9
2
10
3
9
-1626
9
4
4
9
9
-6057
7
1
10
1
5
-3132
4
7
9
9
6
-4505
2
5
10
4
4
-7378
10
10
2
6
1
-9453
5
6
4
1
2
-9146
1
10
4
10
2
-8274
10
10
5
8
2
-4991
7
6
1
7
8
-9263
7
3
7
1
4
-6550
5
7
8
2
0
-4304
8
8
0
2
4
-4669
4
6
3
3
4
-2675
6
2
9
2
9
-7047
10
1
1
5
0
-4043
3
8
5
4
6
-9231
8
4
8
0
1
-3879
1
2
4
7
2
-7024
9
5
5
3
6
-1238
10
4
4
2
10
-9334
5
4
1
8
6
-6658
10
1
6
8
5
-3500
9
3
1
10
2
-2414
7
10
0
1
5
-9930
0
7
9
3
9
-1045
0
9
8
1
7
-5410
0
0
4
3
7
-4248
2
3
7
7
8
-7374
3
3
3
3
8
-8284
7
9
10
7
10
-9296
9
7
10
6
10
-4150
4
8
2
8
2
-7055
7
1
3
3
1
-6892
4
8
0
4
1
-386
6
8
1
3
5
-4961
1
9
1
6
9
-5011
6
0
8
10
6
-245
5
1
1
4
4
-3947
0
5
4
5
2
-9327
7
4
9
2
4
-6861
3
9
9
9
2
-5984
4
7
7
6
4
-393
7
1
0
5
1
-5213
2
4
7
6
1
-5590
8
7
0
0
6
-7441
5
6
10
1
1
-6964
6
1
7
5
1
-2581
5
6
5
5
5
-9525
10
4
9
1
8
-1444
6
1
1
7
5
-942
4
7
7
8
2
-8615
9
4
8
5
0
-7622
6
5
5
7
10
-9602
1
7
5
5
9
-2275
10
8
7
2
0
-1858
9
4
7
1
9
-533
5
1
7
4
10
-8732
10
10
3
10
9
-1464
2
0
3
10
7
-5419
8
1
6
9
5
-4451
5
4
9
0
6
-46
10
4
7
2
8
-6271
2
1
4
4
1
-35
6
4
4
1
6
-2461
0
4
9
8
6
-6604
9
0
10
6
7
-6768
7
5
8
9
2
-1092
10
2
3
9
0
-7803
7
10
6
5
9
-9478
7
1
0
1
5
-7247
3
9
0
4
10
-6835
5
1
8
4
0
-1581
9
4
0
0
4
-2278
4
0
4
0
0
-7068
0
2
10
3
3
-8734
3
8
6
7
3
-6830
8
8
4
1
5
-5391
4
5
1
5
4
-3964
4
4
1
9
5
-2237
5
9
6
3
5
-7492
7
10
10
4
9
-2398
5
1
5
1
5
-2675
1
6
2
9
0
-7444
10
9
0
0
4
-8108
2
0
10
4
4
-8044
10
2
7
3
9
-5613
10
8
6
3
5
-8061
4
6
0
8
6
-4065
0
6
3
8
2
-7000
2
2
8
2
7
-3727
4
10
0
10
10
-8721
8
5
5
4
5
-4997
7
10
2
3
7
-672
2
8
8
10
2
-9225
1
10
0
2
8
-8847
7
2
2
3
4
-9829
3
1
2
10
4
-5176
8
6
6
5
2
-9205
4
5
2
3
8
-4834
8
7
8
8
0
-1639
8
8
9
5
3
-9455
3
1
5
5
0
-5799
2
6
9
1
5
-3118
8
10
7
8
0
-5198
0
10
7
3
0
-5120
9
8
7
6
7
-990
10
6
5
3
5
-5633
5
10
10
4
3
-3587
1
2
7
3
6
-6605
4
4
5
10
7
-1120
6
4
2
0
10
-4580
9
3
3
10
8
-9212
0
5
3
6
3
-149
2
7
2
6
3
-1841
4
1
1
2
7
-7002
8
3
2
7
7
-7688
2
2
7
8
6
-5309
7
9
1
2
0
-9083
9
9
7
10
6
-511
10
7
10
4
5
-8527
10
5
2
7
9
-8585
4
9
5
7
1
-2981
7
4
10
3
5
-1946
3
2
6
3
8
-7749
4
0
6
10
0
-3859
5
1
8
0
8
-5199
1
8
8
0
5
-4234
9
0
10
4
3
-5158
1
7
10
6
7
-4705
1
4
4
9
3
-6610
3
1
3
1
10
-10
10
10
9
10
9
-8682
2
3
3
10
0
-6818
6
9
7
6
7
-1683
6
1
0
1
10
-8063
5
10
1
9
1
-5665
5
7
10
8
1
-4111
7
8
3
1
6
-7184
10
8
0
10
10
-7319
0
7
0
8
2
-8150
4
8
8
5
7
-1997
4
10
4
8
4
-2928
5
0
5
7
1
-5322
4
1
10
6
7
-1727
5
10
8
1
2
-6072
3
6
6
0
6
-9429
10
4
3
7
1
-1772
7
5
5
7
6
-7801
3
4
7
7
10
-4248
6
4
4
5
0
-8796
10
8
10
7
7
-7048
2
1
1
10
6
-527
8
1
0
7
2
-9902
9
9
10
10
1
-5243
6
6
9
1
1
-2917
3
10
7
2
10
-5619
8
3
6
10
2
-8295
10
3
0
9
8
-4864
3
7
0
10
2
-979
3
1
9
5
2
-4705
0
1
0
1
0
-3398
6
0
0
4
2
-3719
2
8
0
3
10
-3004
2
7
3
6
1
-6130
1
1
4
0
5
-1548
8
0
6
9
1
-6850
0
4
1
4
9
-3926
7
8
0
0
9
-357
9
3
0
5
7
-7635
10
8
9
9
3
-8289
0
0
7
0
9
-4207
8
8
2
7
6
-886
6
9
5
7
2
-6493
9
5
6
7
10
-1131
4
7
2
1
7
-5999
4
8
0
2
0
-202
10
4
5
8
2
-7016
4
2
1
5
7
-2578
3
3
0
2
9
-9256
7
9
4
7
1
-8592
8
1
0
7
4
-2699
8
10
5
0
10
-8642
10
6
7
8
9
-8775
10
8
3
3
2
-4672
10
3
4
4
0
-2600
0
8
4
5
9
-9696
5
7
1
10
9
-546
3
9
4
9
0
-9374
1
9
4
2
3
-5291
2
10
7
10
6
-1165
6
5
5
0
10
-7610
7
8
2
4
8
-9302
3
10
8
5
7
-3880
6
1
6
0
5
-6659
7
3
3
3
10
-570
2
9
4
3
3
-4015
8
6
9
5
4
-4320
3
2
7
5
1
-9397
1
7
4
5
3
-2117
9
0
8
8
1
-987
4
1
10
2
3
-8987
5
4
2
0
5
-1538
9
2
9
2
3
-2170
1
8
4
1
3
-2965
6
8
1
6
9
-6781
7
6
4
5
3
-4290
6
9
4
1
9
-2098
1
6
5
6
6
-3184
0
0
1
0
1
-4660
6
8
10
0
3
-7414
10
9
5
6
10
-9662
6
10
10
7
8
-332
6
5
3
2
0
-6231
4
10
8
6
2
-1130
1
10
8
2
2
-4941
8
7
3
9
5
-1171
0
10
8
5
6
-1559
4
6
0
5
9
-5653
3
0
9
5
10
-5859
8
5
3
0
9
-2231
0
9
8
7
5
-3808
3
3
4
6
6
-9686
5
8
4
0
9
-9921
1
9
9
7
2
-3364
7
6
9
9
0
-775
9
10
6
1
7
-503
10
5
3
5
2
-5842
0
9
4
6
10
-6611
3
8
2
1
10
-2860
6
9
4
8
8
-1692
1
3
9
0
7
-3466
4
3
6
9
7
-1059
3
10
1
2
2
-7064
10
2
3
8
2
-3939
7
8
3
1
10
-9896
10
2
10
9
0
-7408
3
1
1
7
3
-5375
4
2
7
9
1
-3540
4
7
1
6
3
-9267
2
8
7
1
3
-4287
9
3
0
1
7
-253
3
6
8
8
3
-2002
10
4
7
9
7
-2848
2
2
9
1
5
-4815
2
3
5
8
4
-843
9
2
6
5
8
-103
2
9
4
10
9
-6969
7
9
9
0
10
-7864
10
8
10
2
9
-5562
0
4
10
2
0
-5017
2
10
3
10
8
-277
8
4
0
2
1
-9949
9
2
6
6
9
-7333
9
7
7
9
7
-1818
9
1
1
10
5
-6342
9
4
4
10
10
-7388
9
7
7
6
1
-1778
0
5
4
7
3
-4770
8
3
2
4
4
-8916
2
2
7
10
3
-4748
3
10
0
9
8
-8289
1
5
4
3
0
-358
10
5
7
10
1
-486
8
8
4
4
8
-7196
2
6
6
3
8
-1609
2
10
8
1
4
-8372
2
2
4
1
1
-2696
10
4
2
6
9
-3642
6
8
4
7
9
-4768
0
0
4
7
3
-7635
8
2
7
4
2
-5028
1
1
0
2
1
-2920
4
9
1
4
3
-4851
10
10
4
5
10
-9253
6
6
1
2
1
-8876
1
5
9
9
8
-486
2
9
2
8
0
-4824
8
5
0
6
10
-8807
10
3
10
0
2
-6924
5
7
3
7
0
-1534
8
9
4
10
4
-6178
8
9
1
8
1
-9310
0
2
9
7
8
-2123
7
9
4
10
9
-897
5
9
5
10
9
-5196
4
3
10
8
1
-9658
3
1
9
7
7
-5993
7
7
10
9
7
-542
1
5
9
3
8
-4362
6
5
9
5
8
-2805
7
8
9
0
5
-6578
6
3
3
4
1
-4586
7
0
4
3
5
-606
0
7
10
2
6
-8932
6
0
9
5
5
-9464
10
10
1
8
0
-1127
5
10
3
6
1
-5728
10
8
2
0
9
-6948
0
2
0
6
3
-2635
6
8
0
0
9
-3072
2
8
6
3
2
-6035
1
3
9
6
7
-1468
10
0
3
7
10
-3283
6
10
4
7
3
-5914
2
2
3
2
9
-1413
4
7
7
1
1
-2512
9
9
10
9
3
-6786
7
3
9
8
5
-1076
0
6
9
0
2
-4222
4
7
8
10
8
-1722
10
7
9
1
8
-9718
4
10
1
1
4
-3526
6
3
1
5
6
-6606
3
9
2
6
0
-5714
8
0
5
6
4
-371
8
3
0
6
10
-6083
5
4
10
8
1
-6674
6
9
10
2
0
-4646
4
10
5
3
1
-5884
6
0
8
8
5
-6873
4
1
10
7
4
-6783
9
6
9
10
9
-992
10
8
3
6
4
-1865
3
8
6
3
2
-2574
2
10
7
7
9
-7796
3
3
3
1
2
-2373
1
4
4
5
7
-9009
7
10
6
5
5
-1892
7
3
0
6
0
-8362
9
5
2
4
1
-1635
2
2
2
7
0
-4032
0
3
7
0
8
-8165
4
9
0
7
4
-6566
0
1
3
2
3
-1058
8
3
9
6
9
-1376
4
1
9
2
8
-9254
4
8
1
8
9
-2276
10
9
4
4
9
-8530
3
5
4
4
0
-627
5
9
2
0
0
-5255
1
7
7
10
1
-988
8
0
7
10
0
-5410
6
3
4
8
9
-1638
5
8
0
5
9
-2879
2
3
7
4
10
-6031
4
8
4
9
4
-8629
0
5
10
9
4
-5678
0
5
5
8
9
-8338
1
1
6
4
10
-9674
0
5
1
2
9
-1581
0
3
6
2
5
-781
3
10
2
5
5
-1486
1
1
4
2
3
-256
5
1
4
4
4
-4419
10
5
3
4
2
-9276
5
7
7
7
9
-632
7
9
6
9
2
-1250
4
2
8
4
5
-1547
6
10
8
2
8
-6800
7
1
4
3
8
-7890
8
7
0
0
8
-2282
1
10
8
9
0
-5795
3
1
9
3
9
-7304
3
6
1
9
8
-3495
5
7
7
4
0
-5082
0
4
7
4
6
-5779
7
10
2
0
6
-3725
1
10
0
8
5
-9644
1
0
6
0
3
-7536
9
9
4
1
7
-285
3
4
6
8
2
-9103
1
7
7
2
1
-8031
10
8
9
10
1
-3923
6
1
0
8
0
-2972
7
3
9
1
10
-2493
9
10
1
0
9
-8362
3
7
2
0
0
-3941
9
5
3
7
3
-4840
1
6
8
10
9
-2315
4
6
0
4
1
-5119
1
7
7
10
10
-8418
1
4
5
1
8
-7199
8
9
9
1
10
-348
4
7
1
9
3
-2220
7
0
3
10
6
-6382
9
7
7
1
10
-4269
4
8
10
9
8
-745
9
7
6
0
6
-9288
2
10
9
4
1
-1290
8
1
9
3
7
-4963
6
0
2
1
3
-4423
0
2
9
4
2
-9026
3
0
8
6
9
-5678
2
4
0
0
10
-273
10
10
5
3
4
-9939
3
6
0
2
8
-6647
2
7
1
10
3
-8494
0
10
0
4
3
-9631
0
8
5
1
6
-4343
6
6
4
2
6
-4411
10
3
8
8
3
-4472
7
0
5
5
5
-5422
7
1
6
9
8
-7077
10
6
9
6
*
