1 2 
3 4 
4 4 
80 60 
61 80 
59 79 
109 783
373 451
41 177
68 790
390 796
351 658
607 835
720 838
848 586
69 454
95 640
87 727
435 473
615 566
515 638
417 750
68 421
400 586
531 155
232 417
679 923
648 838
600 637
643 851
257 779
215 854
563 409
636 893
554 522
363 245
180 62
27 973
808 331
151 534
431 453
325 376
998 154
616 835
368 536
589 187
403 749
156 843
359 644
420 951
343 15
241 237
135 444
584 851
337 769
768 891
760 707
967 315
899 551
532 555
900 334
510 822
759 173
403 199
71 52
474 118
315 340
63 844
695 730
114 801
735 398
857 799
539 519
127 828
695 721
948 91
792 489
137 550
436 715
889 776
134 827
272 994
509 866
524 77
106 188
420 551
132 646
194 806
573 596
593 690
747 790
966 184
609 573
338 227
836 732
103 985
787 556
736 325
904 302
950 357
644 754
168 806
671 138
465 900
297 372
167 590
910 421
880 111
123 859
458 661
719 928
305 128
625 801
158 437
258 583
148 745
257 921
112 951
946 927
101 5
29 577
939 689
458 916
433 44
618 95
316 453
501 220
198 922
564 133
795 348
725 756
468 382
710 378
240 577
908 236
314 959
582 319
368 987
398 537
975 434
836 242
771 122
600 896
6 737
202 850
706 3
625 114
677 790
639 369
298 742
654 80
450 582
686 207
72 133
76 620
993 904
972 8
744 975
446 433
527 700
671 388
238 418
887 481
100 152
353 550
512 910
769 337
625 614
964 852
742 950
228 722
30 162
415 427
527 138
194 303
150 438
39 475
433 712
103 654
458 192
105 742
701 370
78 725
918 308
715 793
477 312
902 515
412 203
66 260
642 54
707 720
515 925
710 468
70 48
81 265
723 370
530 402
779 905
316 180
8 380
248 960
590 348
131 700
873 640
137 815
804 689
402 50
780 692
642 488
367 977
110 408
336 218
866 685
916 277
932 387
750 898
976 531
853 896
867 668
132 958
233 71
318 438
360 635
495 423
879 330
518 36
623 18
253 78
661 234
108 230
111 81
301 732
759 662
275 623
487 546
923 442
318 837
676 459
204 379
396 277
825 132
302 761
652 388
530 673
31 762
237 292
109 516
476 790
201 354
740 465
567 501
886 952
701 709
944 546
1000 544
160 8
452 401
778 761
14 238
797 960
317 434
392 24
415 948
451 332
187 338
530 925
564 962
705 956
441 256
628 732
780 416
282 870
278 515
92 556
589 301
325 160
660 18
602 507
997 6
86 619
610 497
303 741
590 936
557 851
49 673
91 312
776 58
41 154
315 61
831 123
601 897
48 453
511 957
236 621
87 865
245 327
177 97
38 713
150 933
119 673
583 452
200 39
853 492
418 451
991 714
621 254
259 944
517 148
684 23
368 182
719 548
647 268
399 301
417 162
21 633
30 523
169 297
165 146
388 661
190 891
606 299
560 974
876 681
586 88
462 337
386 31
269 453
170 672
542 471
547 632
34 282
721 462
123 324
132 905
213 459
209 776
566 188
868 948
204 217
373 992
275 109
203 200
769 146
27 863
420 433
367 843
999 589
885 485
74 288
608 973
992 637
827 422
171 166
578 519
579 760
310 838
207 840
687 474
475 274
211 885
620 446
558 380
635 539
594 54
570 222
916 862
750 345
273 737
569 813
605 921
587 403
818 56
854 218
783 550
853 52
423 679
509 825
340 476
232 280
429 477
784 617
954 36
887 662
372 383
717 779
536 577
915 858
657 931
333 383
151 324
6 766
501 697
737 589
650 148
726 876
990 222
39 252
620 265
493 35
872 546
939 282
477 809
644 187
256 498
713 153
760 4
952 446
389 408
526 738
572 626
677 894
635 398
782 649
885 717
183 277
429 537
183 989
550 985
391 92
422 242
669 370
86 975
290 524
853 144
279 493
332 521
302 851
731 409
423 915
232 568
285 643
801 288
783 878
767 473
796 653
674 143
111 102
922 526
69 485
923 878
43 1000
772 712
169 330
115 92
312 389
902 178
410 500
227 274
767 193
705 97
771 578
131 991
930 693
287 544
427 168
181 22
636 628
63 648
654 361
91 404
750 63
219 93
220 823
992 109
483 750
904 867
6 540
909 742
100 692
273 823
954 555
339 237
520 373
543 338
872 936
72 660
355 599
409 320
932 625
416 725
152 402
964 135
836 448
249 71
785 68
696 139
260 382
123 663
403 805
615 598
893 317
562 170
582 181
723 973
180 266
514 542
114 317
946 446
398 541
205 545
526 833
80 36
217 734
19 593
113 527
906 901
790 606
335 322
923 524
586 267
563 783
146 38
454 28
92 391
829 521
711 326
286 123
876 308
522 122
74 431
799 741
369 263
492 865
214 960
782 103
442 588
506 560
457 424
1000 584
460 35
881 923
510 316
582 735
661 514
311 265
838 710
746 2
536 708
168 550
140 585
851 480
37 455
953 298
804 33
964 892
644 699
490 218
335 111
436 822
382 358
393 593
54 834
710 711
665 797
465 90
48 753
320 945
326 925
346 485
579 981
936 178
720 360
617 236
363 84
426 963
186 666
368 832
817 512
575 185
325 507
881 957
586 598
800 510
278 959
251 94
778 545
72 925
81 705
887 55
686 215
351 289
124 910
725 150
828 820
467 16
257 918
615 756
783 514
736 529
249 813
775 645
234 762
320 943
10 151
44 2
704 444
822 425
413 435
432 207
158 51
364 416
14 750
901 862
422 284
509 748
761 72
197 128
609 860
53 43
117 924
833 563
296 649
964 375
368 208
737 268
30 577
129 115
239 845
947 386
269 367
187 954
792 704
846 149
716 212
763 668
254 327
366 609
850 537
5 93
840 607
666 987
803 115
846 508
975 394
160 846
36 664
263 301
161 62
763 818
267 589
671 899
327 544
339 795
376 154
335 926
815 184
843 441
130 517
342 460
543 918
103 873
279 515
781 376
951 274
404 959
420 69
77 252
625 569
425 6
165 351
124 443
200 268
195 814
18 580
863 744
770 546
191 225
367 365
441 788
372 645
529 618
478 232
538 912
32 250
177 10
842 277
435 784
133 114
773 136
339 172
741 352
724 582
185 293
641 858
969 342
58 111
586 777
526 139
818 475
599 331
243 717
661 457
895 551
209 635
31 878
857 474
220 352
93 354
941 322
788 264
208 463
164 529
842 819
109 777
466 831
862 853
312 837
716 759
892 91
22 81
835 742
245 162
994 546
626 23
76 433
734 57
764 162
989 330
751 942
271 936
606 446
338 480
559 74
997 836
353 445
815 443
170 950
763 785
890 697
436 574
647 167
310 668
768 808
279 21
123 961
420 796
155 627
133 709
83 320
1000 899
984 433
758 738
939 461
212 539
985 423
566 552
501 418
987 700
361 646
468 225
910 626
505 226
229 353
65 772
578 712
706 611
246 817
246 999
183 458
172 261
811 351
418 603
767 673
595 686
756 597
111 118
248 552
215 229
57 865
648 406
726 199
235 878
104 991
841 761
983 251
36 444
278 370
859 498
351 731
436 510
644 831
10 950
514 882
666 916
891 894
565 620
551 804
816 578
635 286
962 786
388 286
377 675
348 716
499 964
571 679
285 25
72 72
769 544
372 373
610 89
280 588
35 13
997 557
64 652
786 313
475 770
965 763
721 839
780 376
461 155
38 761
876 716
747 313
21 77
944 552
733 841
300 316
580 923
194 737
290 870
483 674
759 161
283 719
140 133
450 110
236 134
542 627
72 682
513 366
321 30
5 570
649 594
372 720
387 469
613 871
348 319
842 11
280 184
319 921
32 505
449 723
9 422
358 632
192 105
783 488
232 948
340 818
430 375
476 172
386 421
479 772
333 835
107 639
16 120
89 55
299 320
999 337
920 3
85 993
809 877
474 971
763 438
349 637
945 893
681 298
139 722
201 368
179 790
995 569
651 841
753 561
532 222
264 714
915 63
548 188
867 834
999 776
478 237
785 658
233 457
471 700
953 534
442 721
157 292
615 810
803 571
961 76
97 265
689 440
468 385
51 183
404 245
697 331
587 282
841 49
813 974
115 325
663 417
237 733
328 843
458 831
706 543
433 239
921 155
117 78
861 154
683 744
266 738
493 861
580 621
300 358
266 450
809 512
144 187
296 83
205 454
738 40
882 677
673 417
42 498
322 399
507 211
860 103
173 558
263 138
957 991
533 210
24 625
14 926
284 325
973 938
528 378
179 248
815 486
649 327
267 666
676 661
710 844
679 289
969 990
189 435
671 656
74 577
838 648
711 242
752 823
388 912
490 124
345 795
523 467
547 609
34 744
936 667
137 70
500 637
327 589
570 507
948 865
500 876
408 67
831 896
526 218
998 195
311 8
440 458
319 564
790 702
902 505
290 75
207 768
396 970
60 497
204 270
345 754
389 759
847 262
867 993
607 534
467 185
495 619
599 32
392 289
212 923
941 888
758 759
3 380
416 951
511 742
678 340
638 523
155 883
177 390
456 423
671 413
307 203
89 353
784 319
703 483
852 294
198 250
977 635
294 907
471 160
118 112
101 17
839 78
481 997
203 584
706 902
745 661
959 917
841 247
320 203
126 291
680 216
871 340
631 392
684 20
627 590
360 756
742 80
197 651
766 651
45 967
526 392
150 824
136 166
793 400
573 229
777 121
895 365
192 651
630 89
918 855
123 975
572 878
141 746
325 129
108 861
277 689
264 519
929 279
278 358
52 578
810 40
929 917
930 5
709 706
985 561
456 471
385 241
95 547
775 362
711 43
457 881
618 427
317 910
100 697
66 458
995 146
699 302
978 392
394 990
734 702
613 386
964 946
524 203
105 440
472 331
119 656
688 469
961 495
82 120
195 272
716 585
900 931
478 122
197 258
543 431
642 828
151 334
316 186
62 386
264 233
132 431
126 672
656 600
378 780
210 478
951 476
940 585
813 890
359 719
134 764
482 198
254 81
146 657
411 320
255 503
18 434
665 345
416 956
794 752
763 821
522 947
92 348
955 353
444 156
42 687
654 663
596 433
898 672
692 420
316 122
279 398
406 103
442 428
39 685
854 588
3 231
855 267
826 11
650 864
417 461
541 460
936 419
139 575
579 262
497 58
480 659
319 15
587 39
788 449
646 996
934 946
912 991
709 871
239 712
473 515
649 937
298 402
792 832
10 351
233 176
918 558
331 18
207 57
95 916
92 683
207 256
745 97
352 489
745 449
722 676
737 562
979 390
768 273
942 807
921 158
833 291
327 938
246 361
136 721
951 275
174 685
644 370
439 415
442 257
240 69
48 663
905 355
102 175
994 86
358 889
768 213
275 762
680 281
325 79
226 790
188 537
327 721
944 659
259 115
709 644
413 637
162 34
795 524
96 426
852 906
107 677
288 736
44 50
414 692
537 829
206 431
780 699
187 282
981 843
59 987
647 703
453 747
300 685
248 4
200 802
676 568
686 701
513 39
156 345
374 200
102 580
181 586
948 909
790 194
662 723
760 406
294 614
157 370
215 26
926 26
476 348
774 275
74 329
171 672
713 961
483 189
766 203
750 718
163 491
518 780
750 923
132 683
338 621
242 325
230 111
896 851
843 629
303 797
50 937
424 465
169 760
748 71
851 877
619 681
585 417
382 58
71 340
830 263
616 145
703 309
804 990
414 463
459 601
50 968
537 279
791 610
147 755
763 160
336 456
611 881
347 758
187 294
924 302
47 9
215 719
361 430
235 736
999 548
243 165
821 423
536 553
546 512
357 997
613 163
232 398
464 974
968 124
914 980
678 754
623 977
149 443
957 529
157 204
149 160
504 212
931 260
994 378
8 234
869 99
880 698
524 735
137 557
334 768
776 54
873 503
408 299
306 449
928 314
622 548
888 10
187 277
146 531
450 129
619 318
19 131
439 975
608 387
672 518
540 512
23 398
663 152
176 911
155 655
829 930
423 735
105 585
216 898
150 765
754 175
34 260
333 823
496 254
341 612
789 550
624 695
414 607
170 692
186 908
623 520
825 942
683 111
752 850
935 121
835 725
301 581
718 25
913 477
533 912
655 873
24 676
730 89
585 747
941 555
157 111
341 512
441 989
13 388
437 405
223 215
790 773
53 26
864 357
702 338
493 968
391 579
906 415
943 748
196 356
603 519
106 400
411 174
538 277
335 710
330 728
997 807
500 585
397 368
345 844
250 745
587 81
41 739
899 61
350 52
91 46
598 839
874 453
975 708
631 918
708 686
934 417
352 710
352 106
992 263
832 311
348 384
981 685
727 857
908 973
277 421
451 475
712 949
84 3
32 416
653 411
390 964
626 855
943 136
440 907
638 839
838 643
971 50
701 510
611 486
189 845
483 373
473 365
972 760
66 35
829 70
674 279
63 169
854 72
16 603
943 486
236 113
228 648
68 309
314 352
217 801
63 108
911 766
450 494
485 825
364 810
212 834
384 485
970 333
812 940
626 91
147 126
764 958
722 835
238 932
991 12
993 980
139 200
182 23
185 226
948 817
139 358
460 545
645 606
834 25
115 8
667 467
776 238
672 510
936 899
304 852
818 54
855 216
280 959
696 538
499 570
798 9
6 375
618 776
758 742
618 798
261 579
801 217
138 232
795 225
728 182
561 643
917 183
582 139
488 297
187 734
892 490
307 416
471 91
206 323
14 471
450 979
345 635
204 250
622 342
687 1000
250 396
390 763
343 890
703 856
818 995
981 974
42 724
846 495
181 176
150 239
234 843
663 889
248 383
729 577
657 44
39 979
566 858
655 379
491 457
966 823
264 549
509 951
560 809
387 919
578 789
513 295
272 317
330 810
562 381
416 539
982 218
349 828
692 295
905 677
527 672
301 63
321 772
890 22
292 46
619 976
711 224
109 937
642 847
351 141
137 613
718 948
3 93
828 898
846 418
764 320
558 416
894 490
807 871
337 910
849 219
889 298
650 984
872 841
686 284
791 890
268 52
834 114
212 742
573 781
323 8
405 718
660 173
596 768
530 389
426 21
148 461
527 919
645 963
769 499
73 807
453 883
292 784
995 777
733 816
525 928
517 562
428 950
360 680
793 834
330 852
507 966
474 124
913 975
337 984
367 237
502 497
20 704
98 17
735 205
771 894
421 377
939 572
398 530
836 652
96 632
552 467
354 839
935 877
856 386
966 549
8 194
971 493
942 761
174 542
877 194
130 50
320 897
511 798
355 497
70 164
963 762
356 576
590 588
200 120
374 896
461 745
602 159
611 399
526 270
241 291
979 269
23 622
439 106
272 422
856 157
594 714
86 905
927 282
365 641
793 889
592 587
325 2
868 720
364 864
29 409
458 800
320 371
311 485
935 731
80 258
149 469
660 816
785 358
105 942
607 115
662 451
550 331
23 752
837 923
617 554
64 906
179 132
218 488
989 985
249 669
86 401
624 171
250 314
993 425
83 957
25 166
349 751
668 847
621 335
715 299
640 473
671 330
172 861
7 657
487 782
423 336
163 530
439 478
86 417
838 659
645 827
945 424
177 121
164 82
550 559
901 117
668 735
870 352
846 129
887 890
337 109
653 30
696 827
65 944
263 632
413 388
345 281
296 459
455 314
120 234
907 311
904 357
874 223
567 981
545 31
471 632
975 641
524 102
629 995
508 120
761 914
743 884
453 19
666 302
564 5
139 657
325 220
492 265
792 826
484 418
285 926
455 310
102 4
48 288
371 247
142 465
751 449
879 492
796 521
494 236
332 701
176 184
475 533
927 924
352 811
385 592
588 627
212 707
898 770
810 191
362 120
623 719
95 823
319 597
628 714
604 490
828 13
417 678
951 850
152 291
649 829
640 710
245 846
861 161
1000 20
470 545
635 146
445 704
333 144
506 575
768 810
881 108
592 70
504 388
641 111
725 26
525 763
538 910
97 484
385 294
693 332
157 23
518 372
630 239
517 53
707 27
927 899
155 727
924 315
504 939
465 21
196 367
267 231
923 679
465 446
678 735
117 159
475 523
43 638
457 770
13 442
811 664
1 992
26 560
374 759
684 491
640 593
468 981
277 810
477 75
797 496
659 462
420 69
481 964
516 574
829 76
728 848
158 496
448 58
324 466
961 924
613 253
175 929
740 97
530 401
267 418
61 201
238 738
942 154
67 75
793 281
255 315
971 778
461 116
132 223
656 555
603 517
655 585
869 589
626 95
684 309
783 604
546 8
358 511
1 472
914 448
314 383
878 595
962 562
844 187
381 949
395 942
783 916
828 352
996 754
508 845
722 121
395 474
141 660
888 649
441 689
698 260
927 294
561 783
163 468
957 469
444 794
541 121
650 708
871 218
532 616
682 910
502 847
291 676
398 195
997 740
443 760
892 8
58 468
878 838
257 857
578 189
217 510
108 560
761 184
153 864
222 613
673 103
823 851
616 587
166 251
385 126
2 504
427 660
378 473
877 507
185 741
894 201
950 766
942 47
880 776
534 850
817 975
136 613
784 53
493 479
197 691
813 194
212 267
34 736
81 458
122 818
311 313
195 3
801 625
922 228
955 722
648 648
375 997
885 243
29 761
221 41
651 90
429 597
876 707
804 445
422 406
501 697
465 736
452 732
84 654
271 17
304 917
898 636
704 549
328 527
756 130
90 729
601 445
161 724
304 899
938 68
50 331
245 907
706 109
131 330
832 892
378 229
610 670
981 725
260 397
878 13
912 649
711 49
504 556
616 667
860 78
495 92
798 969
855 582
199 554
4 736
436 336
483 210
655 487
533 85
596 181
78 426
959 650
109 79
248 708
318 199
829 861
350 583
739 133
67 990
828 57
919 134
626 881
247 767
314 482
996 339
337 643
15 418
452 591
200 749
114 757
773 524
350 356
698 501
360 646
934 31
319 566
521 307
329 765
863 823
920 26
124 801
122 733
799 785
389 722
179 700
165 253
912 30
156 197
964 662
486 883
760 661
579 66
99 985
275 652
135 919
774 969
713 374
49 490
412 396
821 662
431 484
475 115
952 395
44 691
943 220
326 610
598 190
613 944
751 824
256 156
126 572
112 74
124 620
110 417
533 639
322 469
775 164
197 604
291 790
171 479
350 101
576 865
592 654
361 307
161 289
48 467
403 849
275 223
919 258
834 391
897 480
224 994
830 87
145 648
623 132
29 421
739 908
421 735
868 448
469 749
563 971
644 319
157 59
34 842
687 201
308 107
654 146
34 776
101 852
386 605
226 498
806 799
809 864
717 243
240 251
388 745
280 417
260 392
722 672
508 727
436 570
854 220
466 546
543 712
713 812
456 809
460 549
91 208
498 554
320 323
586 466
419 713
41 113
585 411
584 779
227 680
418 181
295 881
893 445
130 158
114 951
442 19
666 647
80 241
841 755
728 574
602 930
327 439
937 373
35 575
526 161
902 399
562 27
49 663
596 655
863 387
892 862
258 833
635 103
290 310
408 802
869 457
150 174
419 806
988 221
603 251
819 678
375 854
40 132
253 581
142 820
300 83
529 225
32 690
302 545
654 377
50 153
334 292
260 989
557 969
698 498
1 245
748 575
508 337
15 929
393 187
514 337
869 488
772 905
5 45
2 304
727 804
833 160
718 478
251 794
521 394
480 51
918 748
401 304
241 961
991 322
736 317
773 219
989 828
807 782
809 32
596 507
603 298
136 615
515 339
249 706
68 340
119 163
283 670
167 278
683 690
989 688
809 451
143 454
635 698
557 610
340 457
291 388
302 246
769 431
88 164
981 689
522 225
177 688
271 842
638 518
901 710
770 987
732 876
23 662
250 132
287 131
208 71
725 961
116 490
279 425
315 462
717 179
479 595
386 268
148 478
28 300
494 878
9 355
764 254
433 312
894 766
833 99
452 136
690 358
98 440
68 973
431 960
360 310
576 950
980 815
313 89
776 540
672 791
972 106
247 182
358 473
93 40
894 195
977 420
536 344
172 363
538 883
802 361
604 462
426 915
386 913
120 600
519 378
754 337
903 696
359 477
172 357
43 686
734 379
344 927
789 195
815 78
365 524
142 911
872 855
568 781
557 820
841 340
289 805
222 553
843 988
995 968
616 584
740 483
582 194
592 618
55 908
88 451
351 616
835 864
371 917
592 831
560 871
212 745
332 735
242 567
563 793
86 765
130 711
676 305
120 83
332 122
358 182
827 4
186 921
659 708
370 190
151 251
750 627
778 655
62 565
434 928
985 61
854 724
840 71
657 458
878 597
882 878
471 192
987 908
817 557
100 184
708 750
159 627
202 753
691 493
734 197
795 812
297 722
956 555
696 52
407 8
114 257
180 836
393 700
575 590
453 623
896 83
40 553
647 419
622 361
888 792
802 481
457 216
4 713
898 40
282 522
906 647
983 543
650 20
515 832
138 915
603 182
831 907
933 804
322 988
468 51
785 511
201 288
936 228
796 537
486 769
243 926
318 841
408 288
93 210
995 841
121 143
716 476
58 496
688 331
925 705
310 273
223 497
818 829
502 900
414 451
899 862
474 413
921 769
96 380
268 751
824 441
89 92
642 895
809 831
9 547
397 293
536 986
570 860
731 29
134 979
642 480
585 933
814 403
295 248
935 980
881 328
856 375
989 77
777 986
692 519
189 632
22 282
236 967
371 678
202 588
126 842
260 705
471 220
868 484
436 993
882 504
341 788
594 879
795 571
274 956
397 63
492 326
812 979
909 744
795 839
470 47
729 508
758 813
574 706
125 870
396 104
954 193
471 185
996 365
254 994
561 190
692 460
147 515
84 514
420 239
793 213
21 739
612 445
874 997
608 557
957 771
469 461
459 664
263 79
508 893
436 676
704 144
552 263
346 387
291 209
604 548
887 261
751 51
764 941
363 401
604 724
364 162
755 213
494 396
672 378
642 61
657 4
272 980
244 796
726 658
349 123
489 454
420 384
104 661
893 904
284 59
939 654
551 639
530 449
702 327
393 643
76 152
561 851
198 152
823 83
311 933
854 243
91 215
842 282
609 909
563 936
751 499
950 808
895 493
167 796
166 304
610 23
415 43
305 245
322 15
617 250
443 568
43 708
863 647
289 779
351 815
460 968
302 969
260 865
952 354
54 512
888 585
460 853
419 883
102 12
728 176
724 519
215 64
473 950
822 727
57 530
169 200
27 971
852 822
295 880
98 58
91 144
854 82
768 507
63 468
867 642
19 508
247 642
724 697
492 566
162 294
323 300
525 396
926 594
131 273
295 4
459 129
292 230
428 107
950 992
704 779
198 794
692 940
403 760
191 648
504 422
32 415
983 440
827 616
616 312
519 701
204 666
130 388
573 621
891 572
910 419
389 28
299 519
487 183
305 776
135 641
554 695
904 384
966 565
927 809
166 112
545 441
575 721
292 56
90 744
879 863
313 186
493 747
118 355
549 807
866 464
762 529
351 733
725 259
80 17
634 426
405 588
820 653
441 337
577 737
160 424
825 388
104 771
790 838
355 144
122 404
37 984
959 292
211 931
66 688
614 362
953 817
817 423
227 651
601 758
392 748
923 721
100 684
316 437
742 760
337 289
487 31
115 21
444 319
962 401
346 647
240 784
723 658
887 827
231 538
905 641
93 372
279 92
842 846
27 230
925 391
882 81
631 591
109 598
560 542
74 420
894 690
487 329
718 977
355 331
36 203
825 526
681 463
306 989
575 563
48 445
489 830
251 810
413 494
283 754
793 414
37 742
746 168
804 290
465 587
25 609
436 391
586 870
161 273
672 374
788 940
666 353
759 914
218 526
780 451
734 191
46 363
98 728
975 122
302 852
739 116
118 32
497 327
803 909
213 870
581 25
405 634
427 183
816 912
402 464
381 129
142 347
317 706
181 871
305 753
863 747
82 186
520 690
247 834
366 476
657 964
446 193
539 524
954 231
736 612
343 395
899 798
860 37
357 607
633 83
850 933
494 599
156 727
89 98
151 545
338 808
70 422
711 273
993 595
176 247
167 586
327 576
929 939
191 52
781 463
412 312
308 687
341 150
800 930
327 162
612 445
554 823
322 689
21 786
858 41
854 86
860 368
254 803
105 66
426 54
306 70
202 608
546 790
188 935
588 294
86 668
480 150
36 433
154 657
460 319
703 101
771 673
588 777
401 342
398 938
132 802
907 609
271 190
214 540
362 609
943 32
275 420
390 901
913 772
246 612
641 308
261 831
81 327
614 810
947 244
451 995
453 493
503 796
33 827
643 961
194 16
312 772
482 844
353 586
731 574
132 53
472 497
676 601
985 64
953 841
825 126
89 800
319 527
349 172
634 84
20 918
155 557
573 215
47 798
443 190
121 622
515 585
998 187
232 163
818 457
11 304
1 800
907 199
729 686
426 477
673 25
378 211
150 646
476 525
688 820
390 881
612 386
272 812
359 339
500 909
333 761
186 749
910 468
572 730
197 681
350 724
826 766
697 312
243 705
516 860
560 650
317 235
76 368
100 420
848 948
577 592
106 486
142 652
293 468
342 832
330 678
366 37
592 526
403 999
995 476
395 894
100 690
195 638
290 505
923 372
5 456
450 516
531 743
229 529
674 404
796 579
770 483
210 749
329 305
2 935
711 175
544 562
705 630
489 10
119 785
725 489
907 906
177 474
7 363
676 914
898 813
88 28
204 199
743 240
625 716
400 825
54 303
18 683
875 224
404 246
971 911
39 903
694 444
882 866
743 336
4 914
857 681
860 345
993 905
909 651
556 49
841 958
217 11
534 654
487 188
428 885
382 754
578 716
387 561
950 677
676 883
377 159
124 669
389 204
530 111
617 907
760 49
415 637
218 539
396 927
753 675
468 717
33 184
770 715
622 988
840 740
598 293
475 188
80 49
66 510
855 791
123 283
920 216
13 969
31 419
642 915
470 81
392 233
877 320
399 65
348 454
851 390
142 588
824 102
849 593
200 551
737 665
841 560
953 841
164 440
507 19
455 471
121 968
441 967
785 272
215 707
601 339
225 109
995 509
591 298
810 975
985 471
545 602
105 223
495 836
960 4
812 713
240 286
729 697
114 617
719 568
600 604
858 901
669 16
119 143
550 796
106 709
463 848
997 880
353 388
448 934
874 445
661 212
468 990
424 793
789 320
911 708
706 130
963 814
65 881
218 170
852 57
796 14
325 808
80 348
305 172
695 529
438 276
469 769
275 899
412 792
862 291
497 748
874 825
561 121
871 40
821 787
855 261
510 189
77 290
786 563
303 931
369 631
701 648
237 593
250 65
809 267
30 339
270 279
911 646
8 960
107 524
416 409
990 772
50 739
945 173
499 971
809 390
346 42
259 292
5 961
912 349
396 642
32 465
311 834
184 893
293 134
110 808
507 826
631 52
510 892
701 714
868 963
886 434
816 365
842 134
494 831
691 51
473 209
926 461
396 797
50 386
4 925
867 635
456 645
48 800
775 611
779 897
148 977
212 770
262 579
940 560
496 811
850 160
901 547
884 888
477 429
837 626
978 584
204 638
622 385
441 125
785 344
556 116
934 733
786 571
641 6
292 506
732 786
604 889
595 209
914 730
987 82
400 609
619 666
533 977
966 715
447 936
736 688
789 402
481 988
606 26
269 177
780 796
58 675
726 729
722 679
637 716
142 401
647 989
108 148
192 5
617 83
385 693
521 700
807 35
485 750
447 843
672 718
120 400
531 613
976 286
860 718
447 390
864 226
851 481
314 242
438 818
750 567
686 785
552 655
652 378
124 952
123 692
789 335
440 309
944 255
504 460
87 649
881 280
808 170
522 850
448 870
260 130
288 381
629 376
474 923
184 125
605 888
946 751
209 808
145 420
32 446
525 23
384 299
95 988
862 537
297 973
163 362
34 147
981 108
275 150
43 444
12 181
817 503
416 930
761 938
947 182
629 17
116 324
762 183
226 986
573 829
88 598
488 785
932 815
519 619
119 585
337 787
492 876
978 601
693 113
488 776
203 563
358 414
660 167
114 782
687 985
891 116
293 537
995 69
380 719
878 496
464 924
839 282
921 129
614 942
455 282
988 77
74 395
973 157
445 430
660 323
38 620
178 805
750 675
665 249
660 330
299 832
507 964
705 486
519 293
503 388
686 47
601 827
43 952
305 956
460 395
750 617
258 113
169 533
139 481
902 103
248 42
645 276
745 535
509 879
39 168
69 762
678 158
556 868
568 393
780 825
96 845
308 171
647 35
234 413
593 30
624 370
553 895
254 338
671 711
767 489
309 372
745 253
936 675
33 692
804 175
894 810
879 943
673 626
518 1000
981 834
71 129
713 685
683 248
119 103
971 537
676 30
778 807
107 902
224 396
180 228
105 883
783 174
968 541
619 25
994 410
435 899
548 484
111 961
455 448
943 778
133 595
407 480
658 172
796 633
207 443
466 215
907 229
464 541
898 478
799 355
294 842
779 414
798 501
654 154
64 550
911 707
362 881
45 826
558 250
580 686
449 966
983 472
914 733
913 507
154 244
712 594
163 959
711 362
355 191
403 74
976 379
767 607
273 167
804 55
857 346
156 434
527 922
97 433
99 948
819 272
392 548
443 585
733 42
279 517
626 241
459 331
739 471
97 316
305 609
903 121
895 661
980 838
717 746
747 453
62 155
758 898
514 692
500 314
990 972
19 342
362 957
713 648
770 699
652 195
17 468
506 50
368 666
381 662
188 811
218 46
504 922
507 128
230 246
761 40
249 845
556 484
641 433
474 955
921 479
89 408
342 829
108 645
120 523
478 754
113 146
691 646
658 986
603 304
699 809
270 789
399 534
723 772
5 712
235 911
105 309
289 786
375 65
871 677
146 896
858 448
210 436
306 512
71 427
21 185
24 968
254 132
748 583
359 741
230 241
752 510
333 987
68 657
826 179
728 260
359 18
600 926
543 452
27 127
417 901
59 289
915 992
624 583
386 537
954 230
609 310
367 596
88 411
194 506
583 344
988 348
434 368
240 20
958 488
195 541
187 841
316 238
121 757
678 193
20 732
196 14
901 29
906 113
68 46
61 875
356 604
184 760
358 476
812 679
301 907
991 21
311 320
762 464
179 4
870 540
971 936
222 90
144 297
319 34
435 427
44 781
615 941
151 138
325 365
707 374
35 970
483 257
177 794
604 436
126 321
596 754
459 767
343 866
154 305
291 559
473 876
232 556
534 830
79 558
410 869
918 759
126 971
699 555
657 712
532 130
978 530
789 807
686 665
401 739
256 911
257 885
535 56
650 303
536 461
508 813
320 44
887 234
741 576
884 815
132 730
522 967
195 578
173 189
486 829
387 517
529 737
790 549
209 625
225 342
485 309
842 50
648 843
668 300
726 327
891 518
394 528
894 810
2 93
313 518
902 262
808 269
372 499
127 746
871 783
328 926
233 243
550 23
525 809
255 420
232 317
171 179
568 19
809 610
732 401
604 397
65 595
990 939
583 809
209 774
670 314
253 405
244 444
53 504
554 480
752 929
281 709
35 857
623 892
539 46
743 986
109 804
177 332
526 20
952 640
311 980
928 179
370 980
324 20
386 70
985 800
248 801
816 53
197 570
954 331
477 754
284 133
254 333
616 10
826 280
982 789
982 311
63 770
943 863
840 544
635 508
261 857
79 786
683 64
671 920
755 160
431 911
775 509
725 708
545 15
297 996
120 236
667 784
157 352
629 773
870 564
843 596
56 853
446 300
545 107
772 255
637 541
138 515
895 119
262 219
511 313
340 512
956 985
667 451
837 989
44 574
957 268
32 953
173 146
437 508
537 892
523 416
627 289
631 724
764 569
878 507
131 522
827 306
433 626
753 233
835 306
724 382
795 630
934 382
22 443
173 193
184 189
118 367
422 717
653 136
531 422
969 249
185 538
903 112
196 74
395 782
599 840
366 502
694 581
785 861
853 631
78 409
357 389
147 493
97 242
870 415
458 594
356 670
707 506
257 785
269 342
436 451
868 870
67 507
742 542
167 832
182 159
577 108
288 750
110 173
360 888
809 30
26 91
515 564
76 259
801 667
2 194
289 893
446 189
459 404
504 902
314 978
763 388
398 399
829 647
347 945
148 223
200 165
127 157
770 647
918 379
935 332
122 299
272 59
551 703
991 272
540 665
680 558
54 877
605 665
900 890
615 501
487 529
322 745
928 485
734 720
411 237
548 52
363 398
131 435
768 787
942 428
223 340
102 110
738 636
72 513
796 958
367 138
293 173
929 689
429 854
517 603
102 817
160 913
507 199
392 965
317 225
859 440
968 331
640 12
689 689
926 468
306 869
223 492
664 836
701 980
51 742
401 193
993 239
37 705
553 291
460 572
896 803
852 874
278 435
106 387
781 532
865 995
998 285
371 460
130 86
446 24
152 304
640 494
79 976
650 267
420 437
98 859
636 809
875 688
263 191
281 398
994 182
504 738
918 939
704 389
582 125
541 884
189 890
758 611
731 700
736 646
562 131
464 565
267 371
128 89
106 501
897 510
898 152
373 817
743 83
643 842
31 81
866 798
806 760
551 619
999 723
39 47
713 225
905 524
720 409
579 772
629 378
735 447
231 825
543 645
698 304
464 13
654 609
334 693
274 470
937 370
214 495
48 709
568 131
995 961
852 117
406 118
871 249
272 340
587 915
383 463
12 329
204 408
615 559
737 631
1 665
248 528
329 47
276 255
718 391
57 777
12 703
632 751
6 143
399 773
562 534
902 587
539 400
890 975
179 299
60 594
751 485
839 345
324 277
858 475
121 104
88 109
688 360
418 725
856 713
834 695
30 683
749 913
735 268
480 243
486 494
399 798
933 640
253 744
561 480
460 113
848 979
790 888
332 903
693 742
565 955
373 435
80 161
939 863
358 783
226 111
98 47
292 48
256 284
76 326
554 202
938 349
960 820
21 628
434 757
401 41
570 745
156 452
229 810
297 356
694 256
412 582
689 328
753 319
543 120
186 902
986 586
645 575
625 473
116 92
21 539
646 388
687 425
556 84
477 870
1000 941
550 153
52 586
854 954
673 570
537 951
435 780
764 930
652 206
777 613
869 611
510 274
885 367
241 358
505 478
197 821
776 43
164 65
836 421
371 756
554 592
939 958
60 656
906 929
713 983
863 469
487 106
682 337
48 326
551 174
761 157
949 912
458 834
871 691
339 635
123 855
375 678
309 681
465 174
934 16
356 618
793 629
12 429
433 954
373 298
120 268
206 531
858 392
22 297
309 355
949 13
168 131
783 515
93 29
70 632
907 344
53 956
101 491
907 101
759 124
789 16
858 565
831 627
396 516
988 648
29 119
357 279
22 994
410 942
777 727
169 913
955 929
501 53
802 498
30 862
726 761
330 231
380 702
863 158
584 542
918 708
493 82
121 426
613 339
114 165
448 914
245 516
858 100
957 178
63 439
868 26
585 353
227 270
628 691
722 224
558 6
444 309
884 970
853 657
642 775
847 966
553 268
175 546
289 993
493 115
42 479
895 539
626 308
666 914
153 1
919 154
338 492
525 304
168 594
894 766
854 295
873 185
801 176
348 534
747 601
221 966
505 69
510 740
555 67
526 147
17 43
592 577
279 442
676 804
65 856
87 405
179 827
305 11
592 148
73 51
379 532
486 945
340 79
19 47
8 166
696 839
50 184
674 141
678 543
55 447
499 960
630 696
933 83
696 852
852 364
584 827
770 443
824 482
840 737
589 199
610 902
520 788
508 138
658 634
283 139
137 488
118 366
847 656
166 17
413 889
123 5
752 921
452 365
348 9
564 624
318 767
164 531
8 385
420 368
341 281
543 96
664 942
801 110
814 305
144 604
417 562
212 554
317 647
659 549
755 444
206 303
445 640
769 702
391 428
585 68
615 127
557 710
543 736
393 726
905 485
815 725
413 268
293 792
683 576
786 618
861 113
766 5
173 502
859 135
47 637
250 36
20 716
904 414
684 394
365 553
715 767
403 925
858 694
550 837
830 550
274 12
858 359
209 948
186 218
453 464
855 888
22 412
696 195
307 688
313 933
269 445
273 41
1000 364
47 839
107 412
947 500
479 581
315 444
678 17
122 704
416 735
184 878
290 161
842 304
671 563
838 886
269 86
280 109
177 370
126 309
485 481
752 940
843 180
937 15
860 258
928 818
209 950
922 300
349 374
284 940
919 554
780 12
878 960
267 7
471 857
510 599
193 786
991 528
272 779
932 486
145 10
162 738
200 550
455 537
686 698
683 266
926 453
324 46
44 847
808 408
790 664
465 995
158 331
390 380
226 521
883 800
723 526
435 91
985 231
830 252
946 279
885 373
686 179
4 554
952 425
411 99
640 664
687 231
339 985
1 466
1 255
801 323
313 523
537 31
774 760
840 514
618 708
380 894
834 302
152 894
631 122
41 571
743 177
384 771
773 455
452 260
306 551
302 862
490 557
688 665
698 476
14 691
907 939
703 169
357 949
525 601
735 997
869 10
838 821
589 124
28 387
829 77
910 487
1 456
60 944
75 379
102 418
208 420
563 610
121 104
751 250
486 242
472 201
597 611
999 571
678 90
758 160
143 335
41 593
564 270
533 497
329 401
159 203
830 317
386 789
407 117
326 141
19 759
912 17
181 864
85 821
940 266
41 468
312 812
139 741
991 303
117 397
781 676
77 767
746 388
661 473
509 764
553 463
948 895
317 345
18 731
179 370
807 723
676 611
995 920
945 140
306 250
945 831
451 462
372 15
971 200
748 138
608 142
422 567
481 351
837 679
824 879
338 507
264 588
293 705
237 453
884 6
478 38
248 701
41 955
846 923
466 198
844 916
565 214
268 199
668 807
512 31
43 847
238 632
615 732
684 219
131 964
111 748
59 320
721 228
610 269
174 140
696 990
772 997
711 598
569 343
781 157
604 317
720 365
768 459
653 896
853 853
81 538
621 254
163 288
369 622
428 998
302 554
549 622
475 216
172 449
404 199
147 328
119 254
715 460
292 267
659 335
385 285
452 712
424 589
733 419
152 10
531 433
369 359
393 84
359 747
304 90
154 233
217 974
704 757
338 990
932 97
208 367
141 813
320 952
298 385
650 169
661 75
243 64
184 145
645 439
159 617
335 315
525 739
85 61
349 401
320 533
282 974
398 88
360 356
953 654
374 834
354 63
236 543
632 222
207 186
490 957
720 311
142 206
759 816
673 932
525 589
570 437
41 682
396 520
657 885
157 411
518 210
54 301
678 328
592 478
993 331
376 965
651 250
121 894
43 127
494 922
103 238
29 207
427 294
996 148
965 949
375 723
894 640
479 152
289 181
895 249
239 212
400 94
237 870
806 366
811 937
963 405
688 672
365 270
347 457
86 685
892 1000
605 103
247 598
909 744
218 865
848 995
812 636
602 254
644 799
63 24
33 742
841 171
847 471
902 517
820 285
578 247
747 819
634 419
140 427
328 611
113 26
362 93
810 702
406 571
152 43
651 54
193 624
113 20
323 33
381 846
223 619
905 186
66 66
259 176
247 529
761 214
364 242
656 371
885 41
421 268
542 477
597 299
437 406
179 397
411 362
783 411
272 257
555 517
79 707
229 530
940 295
896 978
81 704
167 151
278 942
640 399
173 411
897 754
615 880
496 261
196 126
103 192
352 666
105 445
105 344
907 26
283 255
999 332
344 551
722 363
216 669
191 803
980 968
69 444
225 993
896 306
821 858
196 14
539 718
595 745
461 392
84 379
489 144
373 723
174 309
304 714
54 247
411 879
322 521
197 917
207 711
12 364
301 522
272 104
619 116
682 240
731 398
947 841
480 907
682 389
922 580
980 926
867 476
548 313
876 939
918 991
307 732
916 120
3 714
712 129
746 950
70 760
688 351
660 484
713 929
289 617
987 955
171 626
7 429
746 599
329 642
451 397
14 959
57 669
180 744
826 43
403 172
424 624
213 855
220 592
776 26
176 797
598 582
769 905
271 522
222 8
807 803
522 560
989 338
3 50
224 256
41 865
648 535
145 189
342 779
960 976
631 567
993 776
771 848
850 524
108 404
217 146
230 818
286 148
64 437
26 860
244 414
763 597
388 239
976 512
410 264
669 173
616 184
83 872
345 735
924 511
666 372
571 812
748 155
285 451
884 240
328 44
288 599
586 569
986 12
343 830
600 329
405 730
574 678
136 468
669 911
571 4
674 769
460 117
510 36
659 400
498 221
645 958
410 175
261 97
203 504
589 277
527 108
807 850
252 473
576 130
37 220
763 940
311 21
246 171
125 368
636 892
188 643
144 434
943 35
63 54
435 138
52 964
453 509
191 320
523 330
76 881
970 91
264 260
964 887
920 4
661 36
949 147
109 362
196 846
912 767
262 859
739 251
612 499
40 344
609 349
168 441
731 272
648 281
912 301
747 937
931 14
470 605
603 247
177 325
903 664
386 824
252 834
647 59
973 534
751 682
625 372
291 974
175 716
463 66
479 418
615 763
568 746
959 7
881 818
544 346
932 608
372 458
480 111
713 652
56 701
640 319
212 712
119 595
200 196
965 306
633 398
145 997
983 220
645 879
309 119
135 874
353 235
812 34
509 140
19 829
221 142
418 788
304 995
8 920
838 327
161 671
507 682
133 775
976 388
471 273
699 449
830 255
960 808
984 508
761 66
328 991
325 264
284 214
799 328
407 948
818 780
776 492
689 993
118 587
149 167
980 9
751 234
905 416
913 653
880 309
935 397
826 555
360 81
228 776
447 313
95 162
685 400
866 438
920 119
229 441
605 101
450 981
350 140
451 518
973 762
666 473
163 864
997 257
559 80
552 104
532 201
946 536
454 499
878 577
60 340
605 482
585 564
368 200
140 506
229 473
733 364
524 220
76 547
681 130
626 490
951 994
186 770
900 289
863 226
720 154
153 973
848 205
370 683
915 671
38 23
242 938
384 754
325 581
908 659
218 278
474 200
591 546
255 31
334 683
776 165
305 166
557 963
402 595
376 7
620 111
529 429
942 570
135 995
315 605
161 666
539 229
616 774
319 181
719 194
227 856
394 697
934 177
316 257
108 677
259 455
664 604
432 158
105 729
243 61
789 372
423 994
406 112
355 61
302 80
893 374
653 369
260 398
334 712
226 225
602 924
348 43
645 787
593 109
903 615
284 806
882 427
106 173
789 664
741 969
65 294
295 925
352 77
816 777
800 414
284 518
229 431
228 368
242 208
239 532
74 293
698 805
159 354
231 950
514 805
21 50
345 477
562 538
389 861
838 674
58 81
54 394
416 239
915 805
319 840
160 623
717 131
591 921
67 330
235 464
354 767
981 143
769 816
433 407
54 330
350 167
243 229
429 184
950 238
850 664
760 990
976 807
155 475
219 272
53 147
426 597
788 224
117 117
923 741
609 983
264 508
473 646
24 367
357 251
928 387
985 16
45 897
196 671
197 812
102 833
476 127
57 904
358 831
461 323
379 312
422 548
363 748
768 149
457 442
931 956
419 694
296 692
308 627
31 106
622 871
888 217
805 475
627 163
440 21
189 552
561 685
70 32
595 570
506 500
100 236
531 727
879 393
712 218
844 82
63 785
841 436
859 40
367 804
286 648
158 707
263 49
650 1
949 23
90 807
241 801
112 121
18 550
505 868
962 824
219 402
47 384
384 236
302 652
490 350
46 250
257 89
459 871
598 241
478 219
274 674
221 834
866 398
884 795
897 591
566 549
239 872
469 953
358 240
899 948
810 286
519 644
693 743
537 287
499 280
544 982
430 46
678 158
267 302
846 192
523 755
485 143
992 640
605 774
813 664
817 318
383 456
111 977
443 614
82 927
624 588
69 586
857 722
350 563
471 719
780 201
705 144
342 213
268 151
819 499
32 356
281 800
944 657
560 649
559 7
79 943
738 136
187 115
988 262
499 152
741 261
307 528
557 223
748 318
592 673
684 392
873 461
877 753
891 725
417 73
627 395
439 764
384 850
766 611
635 596
688 403
605 829
807 584
723 344
677 503
989 418
708 210
59 571
155 800
869 81
454 715
233 960
147 766
202 878
59 243
825 251
548 619
445 418
773 330
620 876
227 648
935 151
16 771
888 600
397 355
375 113
130 336
564 801
525 354
581 480
566 632
518 29
352 390
706 946
905 834
587 852
622 447
230 494
773 188
563 531
43 624
278 354
411 860
478 357
875 15
968 221
195 562
743 897
445 260
612 737
120 449
867 127
734 354
873 65
871 49
198 996
638 551
56 161
413 690
955 6
128 964
193 450
624 238
893 681
386 913
329 140
742 899
230 407
773 17
205 302
34 587
875 126
870 892
245 577
741 51
611 899
147 159
239 450
760 53
659 756
73 669
711 55
336 41
767 651
90 928
833 225
722 143
990 543
724 144
91 919
902 170
954 341
332 631
225 779
465 105
891 667
474 782
694 350
474 135
472 301
534 664
987 630
238 85
961 625
616 313
416 624
894 817
483 628
237 698
285 769
54 958
857 519
509 492
91 902
817 383
155 573
250 542
11 867
768 896
950 659
947 485
139 792
969 356
96 138
878 502
97 576
652 861
342 601
708 931
589 411
457 35
764 450
213 64
111 972
349 180
807 231
301 266
50 796
940 428
83 150
703 307
452 485
248 665
861 552
677 828
50 75
487 494
596 751
10 407
997 780
563 170
560 909
478 503
171 617
434 724
663 649
905 526
508 116
582 150
880 429
235 275
18 977
455 915
910 579
551 247
259 41
500 925
739 846
656 410
55 98
153 351
94 60
84 759
160 738
858 476
306 81
261 760
362 586
606 467
629 207
110 839
521 432
911 136
930 305
571 467
473 132
437 448
123 983
665 363
135 676
442 496
638 492
428 426
802 139
392 273
770 931
503 111
484 28
215 900
103 144
70 439
107 396
611 431
296 307
432 514
46 949
777 490
190 630
585 847
454 247
218 193
490 168
379 444
828 90
769 805
270 435
292 70
177 102
38 817
848 639
506 865
149 163
997 198
92 969
691 812
103 413
953 172
461 758
90 149
582 278
913 797
456 322
923 613
122 271
380 895
998 838
264 735
434 626
969 367
596 941
396 778
507 511
64 204
496 271
516 424
521 534
860 471
841 54
918 930
101 292
681 469
115 950
585 499
35 390
314 422
190 954
380 182
783 258
316 165
483 449
387 500
284 254
983 364
547 288
195 918
688 504
10 964
11 105
263 147
423 836
853 390
207 944
379 950
395 532
594 265
954 310
861 832
141 353
13 320
127 671
212 213
907 512
347 879
632 414
385 750
821 608
894 738
344 617
250 442
565 312
262 18
175 543
469 209
147 622
780 253
386 93
410 71
90 673
24 513
180 392
409 682
899 928
410 293
245 228
402 152
307 435
509 259
556 739
267 999
52 647
927 854
492 538
604 474
717 696
662 604
641 109
22 925
551 630
37 400
942 483
130 14
733 26
483 327
677 628
319 872
774 674
197 580
402 998
611 957
643 216
473 634
988 239
690 839
447 785
787 14
56 685
661 211
504 209
581 591
75 954
897 90
521 611
647 163
884 987
600 29
817 278
479 495
669 175
877 829
580 452
442 810
132 316
825 573
939 388
136 807
106 476
322 316
626 479
509 389
454 720
971 683
383 943
979 732
663 563
759 191
314 812
645 590
613 927
911 467
805 336
407 344
3 141
779 893
57 122
353 268
427 765
157 739
482 424
58 364
725 374
673 786
760 981
977 685
478 351
832 307
244 922
599 958
233 652
388 194
275 761
497 715
988 884
726 244
194 316
289 738
122 815
763 77
742 508
931 793
904 365
669 908
814 990
501 674
550 162
342 139
232 199
392 189
837 478
527 366
868 40
588 920
455 440
406 639
41 749
103 469
71 850
710 676
562 416
661 224
30 471
192 198
77 107
380 132
511 393
744 751
160 178
919 49
112 376
658 671
224 238
394 195
213 765
187 202
223 29
565 482
427 636
884 953
169 935
153 834
653 376
817 412
979 396
623 855
263 304
776 809
473 601
520 718
741 47
725 164
755 762
967 754
718 729
259 891
755 609
547 610
987 506
828 493
597 188
368 284
382 393
569 62
731 717
5 688
16 569
469 729
612 971
793 371
435 824
907 179
225 837
823 695
833 143
329 760
820 879
256 739
559 482
60 804
117 141
991 700
194 907
730 536
362 100
351 488
436 135
415 702
402 536
577 442
371 74
951 155
958 536
714 879
455 318
979 833
92 862
641 76
173 478
118 342
458 522
7 370
796 600
263 652
163 694
174 231
395 441
953 150
553 300
980 946
702 515
429 899
408 212
169 483
667 146
865 362
387 962
627 901
365 748
322 51
573 324
467 313
300 854
757 942
117 825
128 983
191 19
44 530
111 540
506 11
496 319
396 716
859 976
585 754
994 986
514 777
989 206
700 360
657 385
294 874
88 49
221 616
45 670
63 388
127 67
353 647
861 591
478 720
674 960
549 21
60 180
839 877
25 768
20 777
443 370
626 952
888 58
830 295
547 348
256 94
887 444
331 225
204 818
121 358
69 223
757 520
991 121
418 214
977 319
418 573
997 546
851 240
908 489
152 128
338 71
231 120
774 173
548 259
970 223
989 325
979 938
163 213
590 211
411 193
730 721
289 119
130 449
434 831
858 97
96 860
358 990
284 785
769 273
560 289
703 897
770 874
275 925
693 719
922 274
962 222
491 264
982 865
268 185
38 612
385 96
890 14
641 427
584 382
656 174
861 53
175 494
41 893
803 316
992 824
406 462
289 963
179 986
982 519
950 905
168 958
159 801
330 153
733 708
995 294
505 464
494 673
3 289
250 812
1 709
775 91
252 872
639 302
576 411
916 945
146 649
849 107
803 545
189 391
172 252
478 408
218 772
441 399
1000 88
583 364
692 843
479 250
792 720
125 782
433 536
102 988
955 756
113 321
212 702
264 67
931 819
121 994
82 509
401 675
118 677
871 654
467 58
605 504
371 751
107 250
628 596
928 10
955 248
313 88
343 2
127 238
338 808
621 234
896 360
811 431
536 849
715 631
364 945
334 272
105 29
51 999
400 462
446 156
789 79
777 469
99 772
390 892
332 933
107 624
121 651
716 13
42 443
691 749
750 50
325 804
947 427
500 213
563 512
932 926
307 808
650 151
183 894
218 960
732 531
986 138
45 705
448 423
357 740
816 664
166 83
840 989
644 194
424 578
395 249
89 762
896 101
740 548
570 255
464 611
245 408
76 453
306 526
507 633
820 589
67 382
900 424
306 296
702 401
62 460
808 963
631 154
750 6
264 556
569 185
172 976
680 175
48 402
622 889
939 916
122 14
852 797
78 701
352 310
261 633
167 402
399 540
435 1
112 444
485 132
556 946
834 657
913 8
560 413
792 236
492 828
736 32
635 780
795 576
31 762
787 908
947 91
512 952
611 130
824 510
686 667
48 247
248 410
346 106
347 198
175 780
257 802
578 315
489 753
760 588
4 54
65 9
724 380
1000 172
553 991
464 918
970 368
540 3
656 108
13 199
643 651
696 246
904 466
994 664
671 267
606 982
898 509
979 576
489 517
279 412
892 162
52 820
705 560
912 524
785 403
133 295
672 459
715 775
797 853
259 159
860 888
417 890
183 130
284 843
147 636
274 940
311 782
174 104
821 27
985 381
175 104
828 795
994 581
334 898
925 391
174 777
2 999
465 614
718 430
364 826
619 591
640 282
703 958
120 459
501 272
109 92
989 462
549 819
450 845
239 813
884 993
919 813
729 70
427 204
741 973
744 861
369 445
536 801
320 683
748 430
106 828
540 508
481 576
138 927
128 708
133 980
15 831
880 318
593 604
512 323
87 864
138 4
926 796
424 62
399 313
982 569
558 341
579 419
935 608
711 952
45 832
607 323
746 994
435 627
59 879
444 415
697 595
811 193
89 316
958 399
217 890
336 916
607 180
82 292
211 456
788 15
377 655
634 199
449 974
404 100
88 590
727 611
401 576
360 196
460 330
786 294
802 729
627 792
991 645
487 909
538 332
126 748
685 951
126 325
10 396
220 683
176 800
127 85
953 473
937 374
551 108
593 672
749 367
636 125
894 496
832 770
609 709
390 832
810 320
713 376
304 847
341 191
267 66
739 433
736 961
474 302
715 58
675 635
305 832
68 324
597 451
635 406
636 222
6 115
703 967
681 630
505 498
204 34
674 804
880 84
328 522
965 365
104 59
613 147
553 854
437 598
565 701
400 160
359 786
634 205
909 700
877 698
808 72
577 667
813 931
878 633
840 183
549 324
518 19
607 580
426 788
219 499
317 131
133 834
376 995
44 655
758 924
140 442
394 394
160 19
798 318
931 502
610 618
403 28
959 378
606 242
848 603
583 323
982 406
296 139
122 203
630 2
136 262
787 586
139 731
106 139
291 325
454 695
172 655
284 860
394 975
633 819
585 511
421 175
120 450
592 685
594 22
51 366
262 1
898 702
617 902
12 516
751 12
61 121
803 854
800 566
72 112
439 434
951 650
270 280
821 182
395 519
316 541
494 868
207 803
623 859
840 486
230 645
250 900
270 543
114 868
315 329
138 387
567 484
785 518
550 597
613 194
464 52
518 12
80 163
67 187
128 534
147 660
947 215
955 905
912 927
47 690
439 759
816 31
589 918
170 871
310 8
184 259
294 624
851 860
669 349
180 623
844 34
665 323
103 955
67 404
882 181
221 626
711 944
154 923
746 916
551 822
10 961
462 937
26 209
328 384
574 955
666 109
553 437
180 54
523 945
628 578
882 998
314 656
85 180
249 324
812 178
868 461
131 969
745 17
627 242
265 58
207 260
565 829
447 107
402 311
490 66
933 625
118 918
2 206
411 700
470 842
361 374
94 329
372 135
81 657
848 985
691 78
410 912
582 925
707 288
863 665
159 94
391 721
718 561
720 31
989 952
57 378
151 764
801 962
336 685
181 442
199 218
115 78
369 778
710 74
667 520
896 62
875 885
618 56
151 724
35 932
28 585
755 628
310 391
923 420
602 979
896 312
456 88
45 651
631 104
164 884
655 914
129 553
386 761
192 900
288 531
613 112
875 623
732 303
699 613
86 352
467 625
984 851
631 914
774 505
830 308
137 490
958 384
919 364
830 562
680 619
999 108
317 438
885 459
604 567
438 475
865 138
815 648
519 337
172 163
665 210
817 975
862 737
324 407
61 402
138 736
362 525
636 530
277 401
500 861
604 596
708 3
679 693
911 328
902 809
558 431
300 377
323 799
652 928
985 701
602 525
447 771
808 416
364 138
244 227
955 615
53 197
732 45
869 265
622 187
212 209
322 508
75 824
981 127
434 974
636 493
848 160
25 309
947 58
38 777
5 749
467 575
295 208
29 466
487 19
607 864
66 959
888 878
363 625
474 687
554 809
203 203
421 885
266 13
257 234
889 90
876 268
849 192
491 659
301 17
290 188
644 472
889 994
101 232
895 824
222 126
347 856
252 630
549 127
420 325
213 590
699 355
599 465
157 840
248 501
259 605
754 767
368 771
689 169
441 801
61 182
82 6
399 641
622 719
741 984
562 148
174 261
570 361
377 367
355 90
848 988
189 324
309 766
158 146
907 258
449 604
730 751
953 967
686 578
959 638
577 58
231 843
917 6
909 710
784 208
853 548
36 736
41 129
670 525
935 798
615 291
221 85
688 507
285 498
688 427
919 973
446 489
61 939
490 734
187 241
959 632
862 625
602 693
95 842
353 349
486 431
726 547
115 650
86 855
953 143
854 329
827 890
696 551
310 261
678 708
570 269
44 967
263 936
157 868
188 314
188 665
590 125
920 249
609 543
319 757
767 918
504 284
153 568
707 62
22 560
186 839
824 903
131 345
197 386
941 2
528 86
75 371
289 401
182 347
549 904
504 287
698 432
663 617
713 541
845 144
429 989
238 445
453 244
831 345
144 55
737 86
664 907
250 175
978 619
832 784
943 25
525 799
212 822
507 296
57 869
25 49
216 733
754 926
174 360
447 137
652 536
91 799
84 76
151 110
19 437
878 853
701 280
252 552
337 304
93 414
672 460
260 763
72 480
935 998
122 503
150 171
356 829
292 330
921 296
396 738
71 286
642 354
861 585
864 221
305 95
101 930
939 247
995 176
392 79
742 949
872 518
848 713
664 207
338 991
398 322
336 480
440 422
299 973
398 328
470 72
769 618
212 347
282 714
50 466
499 274
422 498
21 378
43 767
853 646
280 771
506 822
69 888
577 504
531 997
782 449
187 652
706 580
491 343
859 691
518 765
50 633
441 354
617 30
811 247
29 508
565 990
171 913
474 118
556 186
41 744
812 146
810 123
374 347
993 877
4 348
491 946
34 686
431 965
499 137
572 140
57 719
27 814
784 408
250 460
667 646
311 100
670 751
954 607
329 289
728 946
12 780
325 661
283 145
304 8
383 421
842 455
237 802
601 666
567 800
338 620
66 691
820 616
923 564
653 756
309 318
768 703
225 902
130 279
160 818
590 403
238 800
395 579
84 203
832 463
998 283
494 193
91 187
746 75
553 366
328 763
717 658
424 753
907 207
189 628
757 321
151 108
349 61
315 548
535 13
665 717
93 112
252 526
416 638
376 627
527 561
521 407
42 551
339 918
734 203
131 421
307 904
350 776
572 211
845 890
313 734
747 321
137 667
62 804
196 661
663 654
299 209
147 995
239 140
624 206
523 423
673 38
173 318
626 840
872 132
880 122
740 497
873 987
42 672
307 832
481 703
24 268
613 132
187 945
400 858
440 94
719 31
907 16
973 285
148 9
608 158
143 925
100 557
193 921
509 11
214 666
41 934
291 26
97 294
430 195
213 194
691 509
25 889
46 559
862 772
573 482
346 724
998 861
722 995
773 370
522 602
307 469
88 242
809 351
151 403
400 997
27 628
322 650
303 296
46 892
11 476
28 681
126 397
155 439
122 587
293 131
526 688
369 325
536 91
978 297
374 240
189 208
219 208
781 611
161 744
32 667
454 183
307 676
345 579
682 938
245 94
938 956
400 474
658 963
882 522
79 928
315 585
578 368
127 96
325 919
612 655
879 517
193 99
554 411
162 780
767 612
694 548
699 666
719 989
715 506
843 936
192 449
589 490
948 245
364 523
426 388
862 673
298 157
904 730
737 372
888 316
295 877
743 422
122 61
377 453
329 941
76 884
182 387
940 73
727 732
81 874
302 841
959 194
699 959
876 204
593 277
488 935
677 240
244 268
432 571
980 982
865 597
167 448
961 77
708 802
855 15
532 382
959 372
125 304
560 835
199 34
99 421
98 706
696 761
831 167
244 851
136 22
423 286
136 76
881 68
470 857
737 536
405 78
127 243
983 837
853 877
6 220
871 450
837 530
699 889
761 528
502 82
259 865
902 210
568 865
128 345
303 323
506 681
223 341
807 382
202 335
775 256
473 331
597 355
405 275
75 850
798 750
569 608
459 770
805 331
771 702
485 408
261 948
893 350
118 825
182 570
950 923
954 245
580 407
798 407
835 481
60 360
520 419
76 234
830 575
536 285
98 5
50 305
816 185
361 296
250 196
910 55
664 317
115 239
968 257
826 419
253 458
898 5
130 342
79 720
875 293
642 913
737 422
454 546
550 182
656 786
512 158
991 730
784 9
501 745
497 241
242 934
408 353
91 187
958 481
243 616
858 967
400 209
265 985
627 665
36 968
520 542
393 480
969 922
484 908
159 789
361 807
287 959
116 922
611 757
143 892
281 73
231 322
463 538
350 743
16 54
427 99
589 40
384 49
701 446
147 810
379 734
587 941
945 189
759 572
110 733
934 959
985 568
290 122
60 948
169 65
311 334
208 43
443 826
839 716
331 92
930 105
983 191
401 74
328 301
552 913
561 486
855 826
11 388
137 917
259 939
821 918
559 240
2 23
623 469
201 183
484 787
873 683
471 696
365 928
741 310
876 191
960 19
805 167
504 709
803 935
344 369
430 640
41 946
407 960
30 501
176 244
64 425
885 991
168 991
82 583
937 920
507 698
447 61
417 318
282 632
982 715
976 328
4 599
142 980
806 685
764 797
143 571
680 85
358 119
574 316
906 198
84 735
43 294
580 808
166 872
751 732
857 296
7 987
915 907
270 523
669 114
941 565
705 268
556 957
338 282
238 386
257 215
558 283
595 337
875 118
518 396
1000 415
778 816
634 37
494 670
322 846
923 403
478 818
895 489
365 791
768 835
468 820
528 499
960 715
337 470
536 656
53 363
663 169
319 969
862 855
966 838
619 684
454 477
36 486
469 305
764 635
717 47
780 28
482 745
458 517
979 370
368 451
476 94
315 350
432 911
390 270
958 710
95 747
829 92
291 331
972 837
736 262
721 187
300 404
801 722
165 830
944 169
735 392
591 662
382 959
202 895
880 330
289 773
97 953
142 949
295 323
552 910
227 135
841 330
943 528
128 487
530 375
55 249
786 218
135 810
311 985
581 109
80 718
770 876
969 637
416 76
246 905
731 804
156 702
917 90
890 394
786 41
977 469
894 837
941 444
375 67
519 163
502 877
930 814
778 212
191 494
401 654
507 568
391 568
789 399
627 782
778 612
497 727
770 174
212 562
205 431
546 451
975 107
364 349
603 923
396 412
748 154
745 848
515 538
911 969
6 458
889 60
867 609
80 906
470 298
310 460
478 358
842 425
814 472
558 296
375 792
51 38
39 400
828 44
954 810
109 689
975 189
575 720
682 275
304 211
710 959
324 944
197 853
65 677
39 985
762 812
435 159
25 42
979 77
850 322
213 90
989 177
560 999
577 982
387 469
429 258
241 595
244 467
598 653
258 89
968 939
519 500
548 300
89 832
183 721
386 932
297 764
703 591
235 190
472 667
850 576
944 303
177 805
37 729
333 824
633 757
275 550
115 861
149 648
781 714
283 842
633 287
26 411
639 198
136 128
553 460
613 473
926 428
182 619
924 823
873 722
334 369
856 136
733 332
956 54
16 374
1000 335
191 992
509 131
64 525
151 901
955 196
591 329
7 673
841 123
721 337
275 205
5 638
15 832
555 93
429 232
116 207
640 462
393 643
797 804
844 54
617 587
604 321
670 658
710 70
897 550
171 931
491 379
464 612
810 179
371 932
308 593
436 884
473 549
855 69
872 337
853 280
631 943
452 438
725 8
39 339
360 639
574 106
898 951
393 508
720 256
677 215
374 268
314 574
853 211
94 946
338 214
157 348
136 241
911 113
57 373
11 18
285 824
747 386
800 227
764 62
394 607
558 26
695 27
921 46
45 727
230 895
167 773
505 651
45 752
38 486
710 619
85 738
42 773
504 409
838 683
186 107
49 205
477 976
485 504
707 739
680 359
684 392
797 63
977 332
304 257
454 865
186 140
528 829
600 213
10 722
348 407
742 660
893 945
266 479
986 847
347 119
527 9
360 906
511 536
976 722
439 219
454 800
569 540
366 314
629 103
633 962
243 956
427 880
999 505
713 739
989 353
243 450
371 140
88 698
594 571
321 747
485 965
900 77
87 732
857 67
428 825
603 981
763 138
51 129
350 580
954 945
505 120
790 596
740 159
722 939
10 865
791 17
489 653
551 759
600 864
724 71
523 778
654 473
182 638
897 934
4 161
43 533
851 504
102 574
51 720
604 530
973 893
203 556
211 954
558 272
169 89
481 95
613 89
210 601
129 97
527 193
449 509
555 348
159 276
805 945
728 158
782 500
150 721
121 461
181 810
606 151
471 715
276 300
746 411
964 26
553 750
671 434
166 208
784 266
362 700
327 100
692 30
686 21
658 873
514 883
511 971
495 191
815 743
173 678
233 600
427 697
314 351
661 376
467 640
32 763
968 725
382 673
655 809
258 34
397 934
114 617
489 597
783 397
755 873
713 974
852 861
69 857
529 535
562 262
624 99
907 61
287 488
564 888
329 851
65 296
589 956
611 901
564 174
797 189
482 738
722 733
506 122
618 248
738 16
121 691
63 481
286 75
449 40
219 706
388 555
57 762
653 867
959 569
576 963
150 61
312 510
681 609
997 972
543 867
162 869
165 600
927 566
889 762
309 912
327 14
527 457
905 669
58 545
657 733
678 60
929 983
825 758
234 349
285 283
132 988
333 121
128 261
737 979
689 23
342 953
34 486
60 794
607 510
696 453
844 305
774 456
678 394
49 45
583 793
843 676
61 282
152 789
492 179
678 181
102 742
313 527
213 274
379 990
10 625
165 748
313 847
129 52
586 784
734 47
842 805
718 479
683 888
463 301
509 778
477 802
965 156
378 148
597 58
611 673
56 67
348 871
3 278
728 39
628 464
307 60
574 594
840 161
708 187
671 651
972 860
289 523
517 749
150 235
698 983
510 684
520 1
490 458
590 55
138 288
298 653
93 536
502 192
81 530
85 1000
925 945
92 839
368 308
293 341
210 765
929 802
309 221
393 230
163 718
315 355
137 565
251 892
81 382
692 871
9 464
886 722
940 522
624 589
660 636
251 354
481 214
819 474
871 105
680 351
381 462
52 578
708 885
342 370
59 527
138 145
433 137
157 304
497 168
130 927
501 3
222 831
785 568
98 553
717 496
956 777
659 933
29 228
501 742
64 778
168 118
51 117
506 603
144 36
377 502
12 52
668 134
364 570
30 309
554 351
225 144
725 233
346 189
72 139
491 358
713 394
987 758
474 141
724 790
799 147
336 702
410 814
736 516
339 590
716 9
116 693
769 704
871 922
847 512
295 46
504 349
271 165
739 921
593 72
567 664
607 315
987 868
205 37
115 955
91 400
40 757
980 738
479 709
730 201
117 2
837 590
868 800
40 585
58 442
82 832
28 135
359 47
679 744
809 664
822 482
458 653
798 307
35 304
691 160
997 315
466 684
876 388
527 303
388 402
63 252
248 588
411 10
614 221
375 903
327 730
16 368
557 225
499 304
180 527
206 69
525 893
987 609
880 920
162 279
87 548
492 96
485 301
54 487
234 79
216 529
714 906
714 402
20 624
932 484
547 839
560 755
730 658
938 220
657 394
277 671
442 220
375 521
949 732
707 741
857 340
47 203
764 569
516 608
806 48
380 323
632 729
922 122
26 711
886 23
76 915
17 343
154 662
348 866
409 178
949 746
226 335
840 462
649 751
200 120
744 92
489 351
487 445
75 911
858 514
378 397
345 716
646 595
541 768
8 125
300 197
347 341
412 102
352 613
619 589
157 536
201 114
367 722
883 589
38 146
819 949
499 504
37 253
741 283
52 868
31 661
25 89
983 173
605 619
412 26
883 483
20 807
408 293
82 159
733 912
778 208
154 654
910 962
257 327
703 693
555 9
133 820
665 892
543 567
875 357
591 688
805 515
998 932
315 34
583 905
816 111
279 56
637 514
231 774
624 202
147 375
977 194
376 941
824 439
862 850
342 559
190 601
251 155
755 740
825 878
314 857
647 866
543 744
652 220
98 935
60 910
259 81
918 780
947 578
48 130
419 173
267 127
518 441
992 53
387 215
424 749
992 715
917 386
826 88
669 441
444 96
88 212
430 657
679 387
35 141
715 935
575 127
217 903
404 952
598 994
856 467
846 283
918 353
147 352
703 941
38 391
394 529
839 533
94 636
555 212
765 194
37 70
442 477
686 254
731 611
712 633
529 510
547 126
336 134
652 876
864 462
758 664
447 903
450 1
898 491
800 348
150 467
390 623
941 927
402 584
16 323
23 460
631 7
604 130
594 683
795 198
318 473
179 114
578 436
60 593
828 162
757 814
968 674
115 682
889 978
978 392
976 570
783 234
283 317
745 970
16 68
562 23
928 702
500 322
29 193
97 533
556 81
113 200
74 722
806 369
318 741
501 964
280 668
283 829
836 725
551 772
881 187
108 871
144 834
823 883
973 346
90 405
82 287
161 862
24 197
408 379
796 184
722 671
163 403
972 421
413 935
845 501
303 435
227 400
117 588
523 459
456 233
265 898
71 441
165 572
526 397
581 618
844 608
887 968
302 33
165 18
164 9
970 575
719 701
466 73
624 435
686 141
321 489
378 533
355 894
699 799
968 606
254 885
759 19
490 521
479 913
360 229
771 17
653 889
590 37
883 315
794 581
959 726
846 780
503 326
599 341
873 867
3 858
327 190
140 945
618 872
640 654
665 582
802 566
587 279
649 237
65 462
875 448
52 516
409 989
666 117
307 468
814 61
300 387
35 828
349 191
822 817
967 217
849 678
578 127
419 85
220 496
158 59
892 300
804 585
641 397
606 508
456 961
641 42
816 483
138 640
474 141
588 736
905 782
324 421
315 513
107 215
275 143
773 587
933 910
710 852
897 297
454 770
463 916
303 389
577 974
841 860
843 161
3 883
921 910
131 308
933 764
795 875
171 806
568 566
631 757
527 287
111 393
539 112
479 595
960 724
326 909
57 374
690 1
968 557
748 717
769 84
817 94
345 196
16 750
194 724
754 79
270 248
550 857
129 399
554 67
418 27
955 132
973 200
269 699
35 10
616 765
80 340
72 397
514 56
143 60
893 54
830 364
154 468
954 675
233 375
639 733
779 782
140 709
544 74
183 527
458 889
751 912
940 293
714 248
495 194
12 96
172 84
477 825
250 662
418 25
239 488
48 589
186 114
61 217
635 669
655 883
460 996
919 353
927 449
728 733
380 319
573 150
329 792
711 565
259 172
224 591
612 60
756 747
982 699
60 445
498 425
230 277
22 769
613 42
890 135
673 684
529 227
429 183
911 288
35 94
349 273
322 927
788 138
205 694
108 742
724 489
879 831
5 140
385 788
948 310
833 575
656 762
805 356
904 872
151 495
284 540
773 539
524 562
201 963
947 139
356 288
618 706
165 799
363 750
721 529
730 983
79 883
627 573
693 806
796 321
422 740
432 412
787 429
338 732
790 431
782 449
12 780
771 960
269 625
770 914
710 390
186 713
76 587
676 550
544 796
701 421
453 377
106 70
868 925
593 695
956 80
743 951
434 856
971 104
779 399
450 55
957 78
961 628
653 367
547 105
925 981
927 648
703 380
664 519
376 694
582 950
62 918
206 227
229 360
167 418
553 481
699 498
847 158
413 797
468 439
232 181
386 427
704 587
813 408
396 693
333 462
989 435
31 264
372 939
340 472
603 658
729 559
767 738
488 962
64 493
707 269
61 530
925 492
50 33
884 580
959 793
985 712
706 304
898 952
641 871
748 205
163 267
127 841
588 774
352 16
281 790
668 25
169 972
278 420
316 685
381 769
632 455
290 34
907 545
776 598
878 908
61 36
973 262
643 545
829 820
365 11
498 108
978 556
29 140
555 584
512 216
706 471
64 951
696 711
875 623
253 507
396 946
869 496
956 23
322 470
705 780
54 936
514 257
320 741
970 879
225 492
629 894
663 400
856 463
713 581
934 533
899 966
50 558
826 223
285 7
173 761
273 474
992 995
843 671
888 245
664 148
225 613
878 377
133 178
96 694
883 288
379 558
748 194
993 648
243 628
781 273
248 708
765 582
667 986
755 569
149 517
863 202
863 414
288 580
136 608
57 273
701 651
244 708
27 877
723 741
846 517
832 888
283 685
679 311
357 872
703 362
256 254
368 70
219 214
368 840
65 905
195 864
973 125
455 18
82 569
998 204
363 46
851 111
819 22
526 162
685 882
874 763
46 279
149 224
748 407
425 9
564 375
615 794
650 208
640 913
684 294
61 284
479 355
50 359
825 672
443 727
81 804
106 680
351 290
12 270
655 375
449 497
306 152
685 619
778 995
556 893
483 20
431 531
896 969
745 563
89 402
798 427
455 868
786 282
359 142
926 574
83 586
955 226
79 655
166 364
796 521
118 361
195 261
100 520
551 245
742 622
859 445
224 278
398 357
912 453
88 869
621 935
183 421
237 888
388 731
690 106
462 694
876 926
236 216
78 841
8 602
460 906
76 690
858 877
293 748
215 475
877 591
512 871
456 236
539 507
733 85
649 189
407 360
98 495
283 646
677 733
178 110
369 834
373 681
403 392
386 117
197 342
448 276
865 918
223 380
825 832
131 149
549 42
477 906
468 31
633 672
497 985
468 885
912 568
657 114
37 645
27 190
493 201
363 325
199 448
777 193
788 616
106 36
493 575
279 930
56 431
784 622
915 958
693 907
206 103
690 103
576 298
344 546
645 534
690 938
659 486
532 191
880 831
523 203
915 669
492 60
185 412
76 768
500 568
331 965
40 674
828 816
61 237
982 294
537 544
734 844
293 413
992 164
659 53
681 74
206 8
545 811
940 894
591 912
43 464
340 927
626 745
984 85
523 694
476 255
84 50
194 619
95 756
522 75
527 607
335 345
720 744
821 758
685 81
260 869
753 794
871 30
184 826
393 567
156 715
928 616
397 173
897 128
968 786
530 177
275 750
280 57
512 563
488 224
930 839
932 128
527 118
451 391
80 988
417 997
992 474
394 399
862 901
101 267
610 276
45 147
386 365
949 443
287 368
318 741
38 979
362 906
558 266
741 509
781 68
196 730
671 106
647 568
918 507
361 518
980 754
226 597
49 759
17 646
207 141
304 363
926 351
529 283
541 381
501 710
77 764
747 476
178 705
254 80
479 27
814 863
767 641
336 716
300 62
319 20
910 136
706 646
30 166
156 939
806 397
153 54
555 902
73 470
465 70
46 275
856 535
785 41
603 394
101 212
768 388
210 213
598 576
237 465
548 929
877 572
688 225
111 985
340 285
312 550
206 367
253 573
4 609
418 738
282 81
72 433
282 516
619 705
975 436
725 179
723 356
485 717
525 895
918 932
733 827
403 495
992 987
185 691
639 252
669 181
923 877
495 369
445 328
213 985
498 698
363 423
992 570
257 743
357 174
700 595
666 131
317 695
304 720
697 330
743 170
900 304
775 141
640 463
31 356
387 934
911 472
76 633
63 955
410 210
664 27
169 627
240 775
624 864
670 757
860 53
55 526
210 910
855 848
587 408
483 825
799 824
391 189
566 535
214 476
235 200
95 607
553 657
538 65
614 90
36 112
256 978
645 523
585 30
131 164
174 393
79 634
580 327
866 24
57 445
392 783
318 24
50 262
581 200
615 589
338 166
192 321
555 662
693 938
587 641
579 399
630 438
679 1
580 652
432 343
699 983
618 342
726 412
666 776
242 166
49 941
775 341
285 900
965 923
122 263
779 343
569 616
388 460
456 738
482 320
779 993
826 513
417 411
294 147
295 516
335 615
430 283
151 406
418 777
435 512
379 971
604 201
372 453
28 591
877 413
504 986
883 915
636 561
608 945
351 982
202 327
587 839
803 161
612 226
128 47
468 888
491 698
985 727
861 286
238 572
971 31
993 412
560 325
641 275
613 323
973 501
523 56
819 715
267 931
745 721
16 99
815 616
486 550
282 490
885 159
904 734
992 466
511 526
706 813
815 139
757 804
961 506
963 46
607 512
883 938
449 253
921 468
369 525
426 569
204 42
908 265
737 644
198 215
653 80
227 674
268 645
858 612
543 972
747 199
180 985
127 978
573 526
117 274
378 651
51 982
41 345
714 633
687 424
228 458
557 323
898 2
423 543
299 432
801 908
842 898
787 124
525 405
913 668
332 481
873 318
556 607
170 741
512 974
233 680
141 340
874 248
105 899
942 253
131 977
177 987
658 901
568 436
585 844
903 896
351 746
706 459
828 119
892 785
191 654
885 736
830 682
686 478
759 884
368 299
967 123
546 153
899 454
682 319
430 220
706 609
661 290
662 439
902 705
191 603
55 385
553 165
356 140
667 720
573 484
916 949
452 911
70 335
180 957
216 97
955 109
827 546
664 343
418 886
742 702
407 526
97 531
301 563
378 318
397 708
116 385
495 665
909 928
864 28
272 847
361 574
370 148
294 490
735 857
646 900
154 346
630 480
589 525
503 367
229 841
286 931
869 265
976 259
889 409
155 666
678 100
875 219
497 649
813 825
524 445
519 350
750 974
214 820
243 804
316 380
747 617
432 142
735 548
334 359
466 452
24 178
311 529
908 645
28 257
899 112
631 539
124 473
622 758
531 393
365 591
628 969
303 521
893 606
555 311
359 810
93 939
123 50
923 293
723 143
408 644
681 769
81 49
947 809
798 188
862 264
993 468
662 16
838 481
369 595
730 497
995 984
160 906
853 685
667 495
278 247
897 735
91 770
857 157
228 442
436 330
875 449
26 43
399 951
932 534
262 493
396 112
470 238
966 346
474 859
127 573
797 120
371 650
179 173
289 902
148 809
724 731
563 229
344 96
742 171
910 193
702 405
706 972
456 495
900 327
212 555
536 318
572 592
404 17
571 267
641 994
378 475
242 97
865 652
699 492
242 630
456 77
795 780
916 394
288 594
495 234
117 647
974 496
388 555
15 375
111 251
185 408
548 580
962 384
543 319
531 716
505 359
167 84
89 514
123 745
131 674
451 998
408 615
235 402
194 678
42 845
391 382
755 718
362 680
850 440
257 646
441 503
994 834
880 642
873 463
454 360
457 764
724 837
159 76
125 130
245 204
224 926
528 541
997 843
833 973
662 957
689 338
326 643
915 963
231 600
719 356
512 92
831 924
815 91
125 206
86 822
187 906
726 278
987 856
498 637
953 78
562 202
664 996
490 144
562 870
16 377
285 745
336 726
893 735
897 473
381 877
775 950
620 678
649 821
236 240
641 931
886 863
19 417
546 99
733 778
271 569
391 159
500 279
926 202
281 841
134 107
56 123
943 319
756 930
917 975
435 165
739 875
105 15
269 428
65 585
217 138
647 647
419 214
569 815
476 488
72 639
674 306
714 695
760 521
356 725
838 758
781 711
760 900
344 280
900 157
104 333
669 797
186 197
702 14
132 249
457 694
643 757
194 585
821 626
370 465
313 770
506 805
867 576
834 476
680 944
462 704
73 185
282 602
381 864
381 956
745 989
735 714
951 127
931 931
402 492
349 358
714 998
156 455
928 656
96 435
705 43
399 807
399 741
41 399
351 876
310 90
827 660
61 964
818 588
513 617
926 943
458 463
61 501
170 829
279 127
770 949
281 677
323 941
163 217
42 619
79 134
715 801
771 599
317 889
156 685
688 448
354 778
817 946
402 413
615 594
321 349
395 402
239 556
375 499
834 197
405 325
499 154
755 389
669 389
974 344
459 233
918 632
737 671
195 758
701 576
304 849
979 396
841 569
320 986
231 340
772 675
668 739
690 580
241 95
562 768
545 759
461 276
453 181
46 932
248 993
287 589
258 836
517 707
117 999
76 982
111 532
981 43
726 259
138 666
442 924
453 712
615 550
289 2
756 274
538 892
689 346
77 303
849 862
482 148
537 420
257 52
541 460
431 126
708 860
578 831
658 532
98 174
576 258
581 464
750 760
504 223
638 471
854 474
106 353
558 310
812 909
582 815
189 214
908 347
767 908
256 121
958 155
225 457
197 778
200 162
17 554
68 141
368 358
944 660
216 904
106 67
623 66
841 957
83 870
344 43
7 82
298 619
699 410
558 43
134 925
904 925
880 674
790 166
760 95
267 218
298 957
624 602
154 64
152 826
708 814
412 671
236 565
96 858
756 709
996 619
820 793
4 405
959 564
987 667
557 407
627 38
994 499
597 60
727 87
746 259
972 792
652 280
879 74
895 179
87 558
724 251
887 476
490 543
45 553
964 165
737 518
657 406
39 164
169 514
788 644
270 523
208 23
297 45
153 193
423 65
256 320
753 267
808 69
962 679
660 940
628 204
267 737
850 135
459 267
168 956
164 359
570 376
612 501
966 415
186 456
413 667
539 397
110 436
495 155
56 730
602 24
957 960
29 127
261 964
612 850
292 339
998 214
365 470
333 661
502 968
731 518
984 628
197 279
765 909
996 172
204 508
531 887
562 555
71 487
48 251
326 907
919 175
636 903
996 761
791 186
3 751
716 760
463 968
570 473
129 368
705 175
284 442
715 124
821 948
425 111
762 768
382 546
733 193
828 504
31 927
150 301
575 268
421 6
632 628
655 405
413 389
966 241
400 105
584 529
105 156
427 174
914 743
327 329
310 33
449 305
540 595
425 338
246 129
111 941
602 869
641 903
818 997
250 178
660 11
797 760
825 604
847 818
262 509
512 514
399 488
218 632
58 298
681 427
753 574
419 373
643 320
179 56
611 415
408 416
312 432
486 949
454 468
909 281
884 343
660 279
913 430
560 531
6 16
397 650
3 939
465 284
282 928
515 115
699 45
70 442
739 730
2 721
444 596
709 27
43 280
487 620
848 828
107 905
520 843
953 217
623 241
210 632
117 673
421 474
284 206
142 206
786 470
251 207
644 853
824 606
521 630
198 715
492 169
252 952
279 14
585 629
735 168
749 392
498 754
253 496
273 980
817 674
181 249
199 682
738 536
895 295
189 517
126 646
610 856
444 879
271 718
522 574
749 177
45 547
857 638
296 832
908 311
382 365
737 151
362 451
144 126
977 879
774 89
771 191
83 552
283 300
713 255
904 887
477 116
616 983
311 49
714 812
823 784
982 918
926 381
361 703
624 717
639 730
889 958
34 522
642 161
865 782
498 407
504 539
232 122
112 210
924 809
993 430
103 766
531 907
570 71
407 414
325 520
643 32
182 723
719 288
810 413
847 419
570 801
262 333
650 220
685 114
173 833
343 818
963 843
883 170
243 10
666 189
290 654
59 487
531 154
207 333
212 851
629 762
790 834
367 358
931 305
511 392
609 678
43 880
168 311
288 506
599 226
278 484
752 561
866 798
679 72
341 355
164 324
237 770
213 719
352 146
145 531
256 224
71 997
280 829
440 58
282 914
46 460
719 983
42 152
23 643
951 147
648 323
20 186
822 96
453 739
771 243
219 721
287 186
381 2
411 282
445 837
938 24
198 709
819 920
276 892
138 245
619 565
746 170
559 355
209 971
422 100
696 250
854 69
45 723
426 650
640 10
330 145
448 739
909 328
957 465
62 173
93 490
304 653
793 720
350 161
214 995
101 806
577 532
99 87
899 123
716 112
588 608
320 118
884 848
593 130
322 462
429 885
880 353
534 86
937 802
341 524
926 676
233 798
75 626
886 366
456 88
265 667
715 262
956 428
792 448
578 656
646 952
234 291
411 151
963 125
719 32
990 165
394 414
192 520
955 735
208 709
287 824
193 333
651 614
231 356
484 703
854 62
599 451
272 144
119 469
581 526
191 974
84 580
546 664
650 928
373 766
756 235
878 586
986 501
511 11
28 14
480 900
299 41
416 632
881 941
164 439
219 895
494 231
872 754
854 887
676 883
558 88
477 33
207 829
665 877
379 960
436 204
68 39
360 206
550 210
944 914
971 510
4 794
783 516
446 767
151 619
830 910
690 561
325 783
106 902
559 603
733 718
556 460
138 829
884 728
558 859
879 256
884 510
310 910
441 41
792 444
637 2
404 884
198 402
974 158
200 197
616 139
633 969
845 417
265 430
220 812
419 239
377 30
448 799
295 566
542 191
256 913
90 833
375 683
878 799
764 598
553 104
916 122
235 43
809 226
427 254
287 463
747 48
81 591
392 111
765 254
140 593
609 679
412 777
348 103
287 785
928 273
845 869
369 588
496 431
76 328
455 766
468 654
490 671
952 353
995 429
665 196
624 738
54 917
310 831
923 53
46 684
861 645
822 396
374 845
93 502
415 916
359 820
585 924
765 152
650 446
507 559
271 148
861 541
993 406
640 761
73 361
622 298
998 228
762 569
193 883
29 852
54 254
930 181
269 134
119 829
665 165
239 428
863 915
888 411
908 689
745 735
429 95
188 669
61 751
69 733
697 417
598 547
74 254
641 265
103 433
758 401
231 673
113 618
254 956
373 943
882 182
866 599
469 100
93 832
252 453
900 413
124 108
972 349
303 605
245 294
548 890
263 758
647 408
120 799
876 525
610 68
862 407
101 391
337 213
677 198
431 32
546 703
145 521
243 950
718 251
847 747
700 900
972 734
267 132
990 923
519 689
386 205
497 995
881 854
102 54
745 168
983 880
566 396
701 477
984 639
659 49
110 181
860 52
636 205
438 694
883 260
885 262
555 67
488 771
999 394
323 147
285 930
184 500
817 88
809 26
95 738
519 760
827 660
99 159
314 780
986 580
999 71
781 448
176 137
307 97
471 898
759 921
295 773
579 151
804 306
297 87
965 420
502 784
279 799
161 890
315 407
314 41
203 900
790 883
103 2
957 523
403 116
400 741
825 765
363 256
695 810
934 816
687 493
753 569
842 186
83 16
684 782
873 244
679 138
837 300
371 72
466 315
562 871
964 754
753 316
939 88
699 757
4 273
264 401
291 36
876 518
111 702
136 662
720 455
124 198
930 16
17 598
851 705
508 529
242 495
747 404
676 455
127 146
931 342
590 657
808 474
287 984
773 209
901 177
227 561
498 863
987 930
749 862
587 78
844 761
345 62
164 159
131 598
781 31
409 996
373 474
568 738
835 320
514 318
16 81
404 755
426 60
510 208
565 859
20 202
40 301
103 581
881 298
960 733
934 915
917 32
153 932
455 950
192 203
438 376
579 472
269 430
685 971
387 5
437 55
498 214
785 924
906 135
797 797
167 678
776 420
581 23
455 586
128 134
350 784
759 565
477 818
304 769
210 699
438 663
56 957
318 962
425 469
74 571
773 843
787 295
902 466
704 435
811 16
452 210
847 637
219 120
761 256
738 815
779 505
952 794
405 831
979 111
247 357
732 115
742 151
796 674
336 618
292 899
419 543
846 796
754 626
688 862
860 5
555 374
503 302
462 194
302 440
715 141
844 435
287 237
173 76
943 288
381 107
719 91
729 562
273 338
25 908
942 596
747 379
166 256
992 895
6 148
833 2
377 5
8 294
313 205
325 467
526 120
407 339
857 879
468 724
623 687
923 218
715 495
866 654
118 485
493 882
665 805
90 7
768 103
509 253
578 231
299 88
2 476
230 625
808 547
71 718
307 274
218 546
517 506
685 568
926 685
584 86
75 144
670 475
18 979
905 157
15 568
268 717
663 51
467 259
49 669
439 28
144 876
469 636
883 131
297 306
599 306
433 923
371 731
529 832
825 467
55 470
623 653
181 60
40 735
326 609
828 528
968 920
295 934
277 173
483 133
643 32
485 267
528 413
953 794
47 80
729 390
694 693
385 266
969 352
238 432
807 56
848 937
375 629
347 55
99 412
948 541
735 4
98 530
110 852
354 337
510 446
578 366
279 778
3 627
557 955
868 438
608 854
490 357
992 180
927 9
504 920
68 905
561 441
976 469
763 526
796 653
657 204
513 650
707 834
731 334
879 464
228 10
800 404
689 464
649 353
957 652
243 871
578 811
54 17
66 847
288 258
632 594
878 892
711 268
986 357
272 173
609 241
418 68
904 166
108 647
732 846
232 960
301 663
997 410
683 23
490 304
333 710
378 557
576 258
639 195
643 89
841 199
641 106
383 149
272 971
73 766
392 229
538 343
895 984
866 448
284 476
27 895
643 41
561 419
236 80
596 544
657 724
372 32
956 219
47 781
722 355
174 481
704 266
230 855
689 615
800 411
349 133
335 950
651 912
357 199
343 327
40 460
748 716
136 131
805 201
347 165
157 595
259 886
49 662
198 971
731 643
198 40
491 578
242 622
36 196
643 759
701 228
677 200
763 441
42 246
17 669
46 678
987 577
334 104
479 699
668 530
511 778
883 730
787 199
964 973
160 562
834 943
11 215
494 523
528 497
610 597
6 969
427 511
435 870
621 660
479 358
468 813
445 508
612 943
529 646
586 550
686 1000
856 779
236 277
549 102
586 818
574 588
166 569
315 241
94 814
222 919
390 599
384 596
965 950
328 234
857 186
748 625
16 989
988 664
815 383
758 378
212 803
341 377
303 759
563 702
572 392
600 981
479 890
242 489
47 975
743 89
48 236
967 301
501 9
996 330
694 95
546 783
820 522
220 95
718 29
891 437
687 852
827 939
448 192
629 587
469 101
629 231
147 545
412 500
871 104
336 294
743 409
660 662
987 278
708 162
638 462
287 798
206 62
643 461
260 581
123 682
287 312
795 770
670 977
366 6
790 570
613 745
791 366
550 926
851 237
177 849
533 581
746 451
34 839
248 191
9 972
598 537
452 197
397 973
429 408
975 60
322 557
849 983
321 698
140 418
34 102
363 94
326 619
644 276
796 36
416 167
587 989
594 158
846 28
684 966
126 560
818 982
532 96
109 211
26 966
263 833
51 479
855 63
990 204
274 969
12 564
922 928
543 189
649 651
702 633
645 912
892 196
170 428
812 217
693 660
174 989
610 12
342 399
566 432
83 641
46 746
451 742
188 928
688 933
141 471
139 589
142 393
963 134
800 111
683 550
688 245
595 259
567 218
522 156
44 518
687 790
930 386
576 247
117 794
323 16
880 812
295 334
399 236
10 352
479 944
849 487
638 171
341 184
257 326
665 173
81 36
977 261
736 478
613 839
794 707
710 473
702 442
161 841
774 815
411 366
75 376
207 994
820 971
191 656
883 990
482 49
819 704
747 616
75 498
307 244
724 792
460 305
408 826
314 654
649 173
732 201
77 941
678 524
336 216
535 862
727 221
863 261
921 350
131 82
134 708
216 948
168 733
545 972
266 915
955 11
702 724
913 316
239 330
805 638
594 496
906 675
567 417
304 864
216 755
318 733
931 893
143 782
84 566
491 604
302 855
204 295
453 447
302 874
197 974
725 4
513 854
867 914
983 516
142 234
112 418
247 20
661 158
344 24
751 217
718 220
445 333
366 527
356 100
177 813
377 602
296 182
849 984
615 255
55 567
8 679
615 945
220 17
965 944
730 850
49 73
151 885
796 832
337 723
793 559
749 8
62 39
172 546
530 658
627 370
900 937
960 136
316 348
56 16
568 890
175 97
478 12
233 227
411 494
286 666
491 483
375 804
413 173
348 327
939 880
411 351
407 675
454 897
813 688
73 953
742 78
7 171
22 621
514 936
583 824
437 904
696 695
955 382
937 429
631 875
122 408
299 256
451 934
442 171
352 456
762 449
307 468
275 648
983 617
77 494
832 280
543 598
759 125
134 694
221 726
693 381
221 124
625 424
539 306
829 890
804 114
857 961
849 595
115 630
408 117
256 184
899 429
755 889
878 580
565 48
636 683
240 931
83 98
520 418
913 768
976 815
632 858
121 83
611 398
975 124
31 773
95 489
392 168
100 201
756 751
164 470
439 490
264 268
539 575
845 623
503 496
594 271
386 597
208 516
707 948
488 23
922 646
62 763
587 601
0 0
